sighad_meanoverzbin_vs_ratiomethod.cxx
RG    meanx    Q2      x      zbin    sighad  sighad_by_ratio
100  0.353   4       0.35    0.275   0.809  0.809
100  0.353   4.000  0.350    0.325   0.677  0.677
100  0.353   4.000  0.350    0.375   0.519  0.519
100  0.353   4.000  0.350    0.425   0.407  0.407
100  0.353   4.000  0.350    0.475   0.338  0.338
90  0.352   4.000  0.350    0.375   0.458  0.458
90  0.352   4.000  0.350    0.425   0.378  0.378
90  0.352   4.000  0.350    0.475   0.288  0.288
90  0.352   4.000  0.350    0.525   0.224  0.224
90  0.352   4.000  0.350    0.575   0.186  0.186
80  0.351   4.000  0.350    0.475   0.263  0.263
80  0.351   4.000  0.350    0.525   0.216  0.216
80  0.351   4.000  0.350    0.575   0.169  0.169
80  0.351   4.000  0.350    0.625   0.134  0.134
80  0.351   4.000  0.350    0.675   0.112  0.112
80  0.351   4.000  0.350    0.725   0.096  0.096
70  0.344   4.000  0.350    0.525   0.185  0.185
70  0.344   4.000  0.350    0.575   0.160  0.160
70  0.344   4.000  0.350    0.625   0.132  0.132
70  0.344   4.000  0.350    0.675   0.106  0.106
70  0.344   4.000  0.350    0.725   0.085  0.085
70  0.344   4.000  0.350    0.775   0.069  0.069
140  0.446   3.898  0.450    0.275   0.842  0.842
140  0.446   3.898  0.450    0.325   0.702  0.702
140  0.446   3.898  0.450    0.375   0.554  0.554
140  0.446   3.898  0.450    0.425   0.445  0.445
140  0.446   3.898  0.450    0.475   0.369  0.369
130  0.437   3.898  0.450    0.375   0.505  0.505
130  0.437   3.898  0.450    0.425   0.411  0.411
130  0.437   3.898  0.450    0.475   0.322  0.322
130  0.437   3.898  0.450    0.525   0.260  0.260
130  0.437   3.898  0.450    0.575   0.217  0.217
120  0.421   3.898  0.450    0.425   0.352  0.352
120  0.421   3.898  0.450    0.475   0.301  0.301
120  0.421   3.898  0.450    0.525   0.245  0.245
120  0.421   3.898  0.450    0.575   0.195  0.195
120  0.421   3.898  0.450    0.625   0.159  0.159
120  0.421   3.898  0.450    0.675   0.137  0.137
110  0.403   3.898  0.450    0.525   0.217  0.217
110  0.403   3.898  0.450    0.575   0.186  0.186
110  0.403   3.898  0.450    0.625   0.154  0.154
110  0.403   3.898  0.450    0.675   0.124  0.124
180  0.452   4.750  0.450    0.275   0.819  0.819
180  0.452   4.750  0.450    0.325   0.688  0.688
180  0.452   4.750  0.450    0.375   0.533  0.533
180  0.452   4.750  0.450    0.425   0.424  0.424
180  0.452   4.750  0.450    0.475   0.351  0.351
170  0.450   4.750  0.450    0.375   0.477  0.477
170  0.450   4.750  0.450    0.425   0.393  0.393
170  0.450   4.750  0.450    0.475   0.303  0.303
170  0.450   4.750  0.450    0.525   0.238  0.238
170  0.450   4.750  0.450    0.575   0.199  0.199
160  0.441   4.750  0.450    0.475   0.279  0.279
160  0.441   4.750  0.450    0.525   0.228  0.228
160  0.441   4.750  0.450    0.575   0.180  0.180
160  0.441   4.750  0.450    0.625   0.145  0.145
160  0.441   4.750  0.450    0.675   0.123  0.123
150  0.424   4.750  0.450    0.525   0.196  0.196
150  0.424   4.750  0.450    0.575   0.171  0.171
150  0.424   4.750  0.450    0.625   0.141  0.141
150  0.424   4.750  0.450    0.675   0.113  0.113
150  0.424   4.750  0.450    0.725   0.091  0.091
220  0.520   4.764  0.550    0.275   0.838  0.838
220  0.520   4.764  0.550    0.325   0.703  0.703
220  0.520   4.764  0.550    0.375   0.559  0.559
220  0.520   4.764  0.550    0.425   0.456  0.456
220  0.520   4.764  0.550    0.475   0.382  0.382
210  0.509   4.764  0.550    0.375   0.510  0.510
210  0.509   4.764  0.550    0.425   0.418  0.418
210  0.509   4.764  0.550    0.475   0.328  0.328
210  0.509   4.764  0.550    0.525   0.266  0.266
210  0.509   4.764  0.550    0.575   0.228  0.228
200  0.489   4.764  0.550    0.425   0.357  0.357
200  0.489   4.764  0.550    0.475   0.308  0.308
200  0.489   4.764  0.550    0.525   0.250  0.250
200  0.489   4.764  0.550    0.575   0.196  0.196
200  0.489   4.764  0.550    0.625   0.161  0.161
190  0.468   4.764  0.550    0.525   0.222  0.222
190  0.468   4.764  0.550    0.575   0.190  0.190
190  0.468   4.764  0.550    0.625   0.155  0.155
190  0.468   4.764  0.550    0.675   0.124  0.124
520  0.561   5.500  0.600    0.325   0.645  0.645
520  0.561   5.500  0.600    0.375   0.543  0.543
520  0.561   5.500  0.600    0.425   0.425  0.425
520  0.561   5.500  0.600    0.475   0.347  0.347
520  0.561   5.500  0.600    0.525   0.293  0.293
510  0.541   5.500  0.600    0.425   0.391  0.391
510  0.541   5.500  0.600    0.475   0.321  0.321
510  0.541   5.500  0.600    0.525   0.250  0.250
510  0.541   5.500  0.600    0.575   0.202  0.202
510  0.541   5.500  0.600    0.625   0.176  0.176
500  0.517   5.500  0.600    0.475   0.274  0.274
500  0.517   5.500  0.600    0.525   0.239  0.239
500  0.517   5.500  0.600    0.575   0.193  0.193
500  0.517   5.500  0.600    0.625   0.152  0.152
500  0.517   5.500  0.600    0.675   0.124  0.124
