 5 0.450 3.901 0.175  0.0000  0.0000  0.0000  0.0000  0.0000  0.0000  0.0000  0.0000  0.0000  0.0000  0.0000  0.0000
 5 0.450 3.901 0.225  0.0000  0.0000  0.0000  0.0000  0.0000  0.0000  0.0000  0.0000  0.0000  0.0000  0.0000  0.0000
 5 0.450 3.901 0.275  0.0000  0.0000  0.0000  0.0000  0.0000  0.0000  0.0000  0.0000  0.0000  0.0000  0.0000  0.0000
 5 0.450 3.901 0.325  0.9601  0.9491  0.0318  0.9133  0.8994  0.0234  0.5264  0.5160  0.0177  0.5883  0.5761  0.0186
 5 0.450 3.901 0.375  0.7599  0.7495  0.0143  0.6959  0.6827  0.0103  0.3819  0.3713  0.0072  0.4485  0.4344  0.0077
 5 0.450 3.901 0.425  0.5787  0.5676  0.0092  0.5050  0.4908  0.0063  0.2862  0.2754  0.0042  0.3301  0.3166  0.0045
 5 0.450 3.901 0.475  0.4444  0.4339  0.0068  0.3884  0.3745  0.0046  0.2159  0.2041  0.0033  0.2461  0.2322  0.0032
 5 0.450 3.901 0.525  0.3464  0.3351  0.0053  0.3090  0.2955  0.0037  0.1651  0.1534  0.0029  0.1809  0.1672  0.0025
 5 0.450 3.901 0.575  0.2679  0.2573  0.0037  0.2240  0.2103  0.0030  0.1138  0.1034  0.0022  0.1358  0.1225  0.0020
 5 0.450 3.901 0.625  0.2041  0.1933  0.0029  0.1685  0.1547  0.0026  0.0830  0.0723  0.0018  0.1019  0.0869  0.0018
 5 0.450 3.901 0.675  0.1473  0.1360  0.0025  0.1303  0.1146  0.0025  0.0622  0.0508  0.0017  0.0794  0.0651  0.0017
 5 0.450 3.901 0.725  0.1123  0.1004  0.0027  0.1005  0.0859  0.0030  0.0436  0.0314  0.0017  0.0593  0.0449  0.0020
 5 0.450 3.901 0.775  0.0000  0.0000  0.0000  0.0000  0.0000  0.0000  0.0000  0.0000  0.0000  0.0000  0.0000  0.0000
 5 0.450 3.901 0.825  0.0000  0.0000  0.0000  0.0000  0.0000  0.0000  0.0000  0.0000  0.0000  0.0000  0.0000  0.0000
 5 0.450 3.901 0.875  0.0000  0.0000  0.0000  0.0000  0.0000  0.0000  0.0000  0.0000  0.0000  0.0000  0.0000  0.0000
