15 0.594 5.543 0.175  0.0000  0.0000  0.0000  0.0000  0.0000  0.0000  0.0000  0.0000  0.0000  0.0000  0.0000  0.0000
15 0.594 5.543 0.225  0.0000  0.0000  0.0000  0.0000  0.0000  0.0000  0.0000  0.0000  0.0000  0.0000  0.0000  0.0000
15 0.594 5.543 0.275  0.0000  0.0000  0.0000  0.0000  0.0000  0.0000  0.0000  0.0000  0.0000  0.0000  0.0000  0.0000
15 0.594 5.543 0.325  0.0000  0.0000  0.0000  0.0000  0.0000  0.0000  0.0000  0.0000  0.0000  0.0000  0.0000  0.0000
15 0.594 5.543 0.375  0.7316  0.7225  0.0313  0.6120  0.6005  0.0162  0.3539  0.3457  0.0201  0.4398  0.4289  0.0132
15 0.594 5.543 0.425  0.5509  0.5414  0.0154  0.4644  0.4516  0.0081  0.2414  0.2329  0.0085  0.3025  0.2896  0.0061
15 0.594 5.543 0.475  0.4297  0.4200  0.0099  0.3659  0.3531  0.0053  0.1801  0.1701  0.0051  0.2237  0.2104  0.0036
15 0.594 5.543 0.525  0.3192  0.3088  0.0073  0.2758  0.2625  0.0041  0.1287  0.1190  0.0036  0.1665  0.1534  0.0026
15 0.594 5.543 0.575  0.2373  0.2275  0.0065  0.2088  0.1952  0.0036  0.1030  0.0923  0.0031  0.1209  0.1074  0.0022
15 0.594 5.543 0.625  0.1662  0.1545  0.0062  0.1464  0.1332  0.0035  0.0780  0.0675  0.0030  0.0829  0.0690  0.0021
15 0.594 5.543 0.675  0.0996  0.0890  0.0072  0.1221  0.1095  0.0045  0.0542  0.0466  0.0037  0.0660  0.0541  0.0026
15 0.594 5.543 0.725  0.0000  0.0000  0.0000  0.0000  0.0000  0.0000  0.0000  0.0000  0.0000  0.0000  0.0000  0.0000
15 0.594 5.543 0.775  0.0000  0.0000  0.0000  0.0000  0.0000  0.0000  0.0000  0.0000  0.0000  0.0000  0.0000  0.0000
15 0.594 5.543 0.825  0.0000  0.0000  0.0000  0.0000  0.0000  0.0000  0.0000  0.0000  0.0000  0.0000  0.0000  0.0000
15 0.594 5.543 0.875  0.0000  0.0000  0.0000  0.0000  0.0000  0.0000  0.0000  0.0000  0.0000  0.0000  0.0000  0.0000
