 7 0.549 4.760 0.175  0.0000  0.0000  0.0000  0.0000  0.0000  0.0000  0.0000  0.0000  0.0000  0.0000  0.0000  0.0000
 7 0.549 4.760 0.225  0.0000  0.0000  0.0000  0.0000  0.0000  0.0000  0.0000  0.0000  0.0000  0.0000  0.0000  0.0000
 7 0.549 4.760 0.275  0.0000  0.0000  0.0000  0.0000  0.0000  0.0000  0.0000  0.0000  0.0000  0.0000  0.0000  0.0000
 7 0.549 4.760 0.325  1.0375  1.0276  0.0229  0.8726  0.8603  0.0204  0.5609  0.5507  0.0180  0.6579  0.6464  0.0221
 7 0.549 4.760 0.375  0.7985  0.7886  0.0105  0.6763  0.6632  0.0094  0.3817  0.3709  0.0074  0.4685  0.4554  0.0091
 7 0.549 4.760 0.425  0.6034  0.5931  0.0068  0.5051  0.4918  0.0060  0.2659  0.2556  0.0042  0.3388  0.3255  0.0051
 7 0.549 4.760 0.475  0.4786  0.4674  0.0055  0.3848  0.3707  0.0046  0.2028  0.1918  0.0030  0.2543  0.2401  0.0037
 7 0.549 4.760 0.525  0.3723  0.3613  0.0048  0.2966  0.2822  0.0040  0.1577  0.1463  0.0024  0.1859  0.1716  0.0029
 7 0.549 4.760 0.575  0.2768  0.2660  0.0040  0.2266  0.2131  0.0033  0.1192  0.1085  0.0019  0.1377  0.1237  0.0023
 7 0.549 4.760 0.625  0.1888  0.1777  0.0037  0.1637  0.1500  0.0031  0.0894  0.0786  0.0018  0.0993  0.0857  0.0021
 7 0.549 4.760 0.675  0.1268  0.1172  0.0039  0.1240  0.1105  0.0033  0.0632  0.0519  0.0019  0.0736  0.0590  0.0022
 7 0.549 4.760 0.725  0.0000  0.0000  0.0000  0.0000  0.0000  0.0000  0.0000  0.0000  0.0000  0.0000  0.0000  0.0000
 7 0.549 4.760 0.775  0.0000  0.0000  0.0000  0.0000  0.0000  0.0000  0.0000  0.0000  0.0000  0.0000  0.0000  0.0000
 7 0.549 4.760 0.825  0.0000  0.0000  0.0000  0.0000  0.0000  0.0000  0.0000  0.0000  0.0000  0.0000  0.0000  0.0000
 7 0.549 4.760 0.875  0.0000  0.0000  0.0000  0.0000  0.0000  0.0000  0.0000  0.0000  0.0000  0.0000  0.0000  0.0000
