 4 0.348 3.986 0.175  0.0000  0.0000  0.0000  0.0000  0.0000  0.0000  0.0000  0.0000  0.0000  0.0000  0.0000  0.0000
 4 0.348 3.986 0.225  0.0000  0.0000  0.0000  0.0000  0.0000  0.0000  0.0000  0.0000  0.0000  0.0000  0.0000  0.0000
 4 0.348 3.986 0.275  0.0000  0.0000  0.0000  0.0000  0.0000  0.0000  0.0000  0.0000  0.0000  0.0000  0.0000  0.0000
 4 0.348 3.986 0.325  0.9159  0.9078  0.0202  0.8104  0.7998  0.0189  0.5618  0.5538  0.0210  0.6229  0.6133  0.0239
 4 0.348 3.986 0.375  0.7286  0.7202  0.0080  0.6571  0.6469  0.0076  0.4015  0.3928  0.0078  0.4543  0.4435  0.0089
 4 0.348 3.986 0.425  0.5292  0.5210  0.0047  0.4742  0.4638  0.0053  0.2708  0.2622  0.0042  0.3138  0.3028  0.0049
 4 0.348 3.986 0.475  0.3662  0.3572  0.0034  0.3253  0.3142  0.0040  0.1837  0.1747  0.0028  0.2138  0.2029  0.0033
 4 0.348 3.986 0.525  0.2676  0.2586  0.0028  0.2403  0.2297  0.0031  0.1301  0.1213  0.0021  0.1571  0.1462  0.0024
 4 0.348 3.986 0.575  0.2033  0.1945  0.0023  0.1817  0.1710  0.0022  0.0978  0.0890  0.0015  0.1107  0.1000  0.0017
 4 0.348 3.986 0.625  0.1597  0.1508  0.0019  0.1431  0.1323  0.0016  0.0788  0.0697  0.0012  0.0892  0.0785  0.0014
 4 0.348 3.986 0.675  0.1299  0.1209  0.0019  0.1180  0.1065  0.0014  0.0589  0.0498  0.0011  0.0655  0.0545  0.0012
 4 0.348 3.986 0.725  0.1135  0.1048  0.0018  0.0941  0.0825  0.0013  0.0444  0.0348  0.0009  0.0513  0.0397  0.0011
 4 0.348 3.986 0.775  0.0862  0.0774  0.0019  0.0769  0.0661  0.0012  0.0354  0.0267  0.0010  0.0420  0.0310  0.0011
 4 0.348 3.986 0.825  0.0581  0.0493  0.0023  0.0611  0.0496  0.0014  0.0306  0.0212  0.0013  0.0323  0.0211  0.0015
 4 0.348 3.986 0.875  0.0000  0.0000  0.0000  0.0000  0.0000  0.0000  0.0000  0.0000  0.0000  0.0000  0.0000  0.0000
