 6 0.445 4.721 0.175  0.0000  0.0000  0.0000  0.0000  0.0000  0.0000  0.0000  0.0000  0.0000  0.0000  0.0000  0.0000
 6 0.445 4.721 0.225  0.0000  0.0000  0.0000  0.0000  0.0000  0.0000  0.0000  0.0000  0.0000  0.0000  0.0000  0.0000
 6 0.445 4.721 0.275  0.0000  0.0000  0.0000  0.0000  0.0000  0.0000  0.0000  0.0000  0.0000  0.0000  0.0000  0.0000
 6 0.445 4.721 0.325  1.0512  1.0441  0.0285  0.9327  0.9236  0.0235  0.5886  0.5812  0.0183  0.6561  0.6465  0.0194
 6 0.445 4.721 0.375  0.7793  0.7714  0.0113  0.7089  0.6985  0.0096  0.4282  0.4203  0.0070  0.4897  0.4797  0.0076
 6 0.445 4.721 0.425  0.5939  0.5860  0.0067  0.5037  0.4935  0.0056  0.2942  0.2862  0.0039  0.3309  0.3206  0.0042
 6 0.445 4.721 0.475  0.4364  0.4284  0.0049  0.3720  0.3620  0.0041  0.2134  0.2053  0.0027  0.2471  0.2368  0.0030
 6 0.445 4.721 0.525  0.3212  0.3138  0.0039  0.2845  0.2741  0.0034  0.1502  0.1418  0.0021  0.1714  0.1612  0.0024
 6 0.445 4.721 0.575  0.2399  0.2317  0.0031  0.2017  0.1911  0.0027  0.1043  0.0957  0.0016  0.1213  0.1106  0.0018
 6 0.445 4.721 0.625  0.1995  0.1914  0.0027  0.1614  0.1507  0.0023  0.0780  0.0698  0.0013  0.0962  0.0854  0.0015
 6 0.445 4.721 0.675  0.1499  0.1414  0.0026  0.1258  0.1149  0.0022  0.0585  0.0499  0.0011  0.0718  0.0609  0.0014
 6 0.445 4.721 0.725  0.1154  0.1061  0.0025  0.1027  0.0925  0.0021  0.0463  0.0377  0.0011  0.0558  0.0448  0.0013
 6 0.445 4.721 0.775  0.0809  0.0729  0.0033  0.0789  0.0683  0.0028  0.0362  0.0278  0.0016  0.0415  0.0303  0.0017
 6 0.445 4.721 0.825  0.0000  0.0000  0.0000  0.0000  0.0000  0.0000  0.0000  0.0000  0.0000  0.0000  0.0000  0.0000
 6 0.445 4.721 0.875  0.0000  0.0000  0.0000  0.0000  0.0000  0.0000  0.0000  0.0000  0.0000  0.0000  0.0000  0.0000
