Aug 1, 2022
sum ratio  = (D2+ + D2 -)/ (H2+ +H2 -)
diff ratio = (D2+ - D2 -)/ (H2+ -H2 -)
===========================================
sum ratio: Q2 = 4, x = 0.35

4	0.375	0.91350		0.0092
4	0.425	0.912961	0.00835711
4	0.475	0.886111	0.00828936
4	0.525	0.961440	0.0123714
4	0.575	0.975371	0.0138077
4	0.625	0.964859	0.0165111
4	0.675	0.938737	0.0153525
4	0.725	0.960714	0.0225195

diff ratio: Q2 = 4, x = 0.35

4	0.375	0.691500	0.021600
4	0.425	0.678682	0.0180828
4	0.475	0.640405	0.0165787
4	0.525	0.705614	0.0263542
4	0.575	0.807546	0.0336077
4	0.625	0.792556	0.0461853
4	0.675	0.755232	0.0395326
4	0.725	0.793424	0.0902267
============================================
sum ratio: Q2 = 3.898, x = 0.45
3.898	0.375	0.860600	0.01300
3.898	0.425	0.853100	0.011156
3.898	0.475	0.846331	0.0121293
3.898	0.525	0.874776	0.0137812
3.898	0.575	0.851599	0.0171461
3.898	0.625	0.822721	0.0211623
#3.898	0.675	1.186500	0.1092

diff ratio: Q2 = 3.898, x = 0.45
3.898	0.375	0.655800	0.0146
3.898	0.425	0.640813	0.0120102
3.898	0.475	0.639930	0.0124339
3.898	0.525	0.712909	0.0140068
3.898	0.575	0.671383	0.0186689
3.898	0.625	0.658298	0.0235546
#3.898	0.675	1.084500	0.5347
============================================

sum ratio Q2 = 4.75 x = 0.45
4.75	0.375	0.86340		0.0124
4.75	0.425	0.821601	0.0105588
4.75	0.475	0.84788		0.0107076
4.75	0.525	0.884898	0.0125846
4.75	0.575	0.844301	0.0139512
4.75	0.625	0.815782	0.0162649
4.75	0.675	0.819449	0.0225734
#4.75	0.725	1.025900	0.0855

diffratio Q2 = 4.75 x = 0.45
4.75	0.375	0.641900	0.0151
4.75	0.425	0.600003	0.0119244
4.75	0.475	0.621774	0.0115569
4.75	0.525	0.693382	0.013169
4.75	0.575	0.663969	0.0149095
4.75	0.625	0.611513	0.0174645
4.75	0.675	0.612448	0.0296626
4.75	0.725	0.878700	0.559
=============================================
sum ratio Q2 = 4.764 x = 0.55

4.764	0.375	0.79770		0.0118
4.764	0.425	0.812518	0.0110833
4.764	0.475	0.826956	0.0136824
4.764	0.525	0.798471	0.0146765
4.764	0.575	0.784698	0.0232195
4.764	0.625	0.777468	0.0384129

diff ratio Q2 = 4.764 x = 
4.764	0.375	0.51000		0.0143
4.764	0.425	0.525252	0.0124162
4.764	0.475	0.573268	0.0145032
4.764	0.525	0.600180	0.0154065
4.764	0.575	0.589153	0.0249631
4.764	0.625	0.654872	0.099598
======================================









