These are CS not the yield

1)d2 sum over h2 sum: for per nucleon: Q2 = 4, x = 0.35
=============================================================
before weighted av
4	0.325	0.9219	0.0429
4	0.375	0.9135	0.0092
4	0.425	0.9103	0.0089
4	0.475	0.8866	0.0133
4	0.425	0.9328	0.0243
4	0.475	0.8858	0.0106
4	0.525	0.9483	0.0133
4	0.575	0.9747	0.0177
4	0.525	1.0458	0.0337
4	0.575	0.9789	0.0223
4	0.625	0.9477	0.0222
4	0.675	0.9937	0.0245
4	0.725	0.9760	0.048
4	0.575	0.8582	0.1538
4	0.625	0.9861	0.0247
4	0.675	0.9032	0.0197
4	0.725	0.9564	0.0255


After Weighted av over same z
4	0.375	0.9135		0.0092
4	0.425	0.912961	0.00835711
4	0.475	0.886111	0.00828936
4	0.525	0.96144		0.0123714
4	0.575	0.975371	0.0138077
4	0.625	0.964859	0.0165111
4	0.675	0.938737	0.0153525
4	0.725	0.960714	0.0225195


1)d2 diif over h2 diff: for per nucleon: Q2 = 4, x = 0.35
=============================================================
before weighted av

=============================================================
4	0.325	0.7425	0.1954
4	0.375	0.6915	0.0216
4	0.425	0.6783	0.0188
4	0.475	0.6412	0.0266
4	0.425	0.6834	0.0661
4	0.475	0.6399	0.0212
4	0.525	0.7043	0.0273
4	0.575	0.8225	0.0403
4	0.525	0.7236	0.101
4	0.575	0.7734	0.0609
4	0.625	0.7722	0.061
4	0.675	0.774	0.0691
4	0.725	0.8858	0.4011
4	0.575	0.6667	13.5351
4	0.625	0.8199	0.0707
4	0.675	0.7461	0.0482
4	0.725	0.7885	0.0926

before weighted av

4	0.375	0.6915	0.0216
4	0.425	0.678682	0.0180828
4	0.475	0.640405	0.0165787
4	0.525	0.705614	0.0263542
4	0.575	0.807546	0.0336077
4	0.625	0.792556	0.0461853
4	0.675	0.755232	0.0395326
4	0.725	0.793424	0.0902267

