Run		xav		zav		Q2av		hmsp		shmsp		W2		 pt               pt2       feynmanx
6020		0.343		0.697		3.923		4.479		4.259		8.440		0.149		0.028		2.937
6021		0.343		0.697		3.924		4.481		4.258		8.436		0.148		0.028		2.936
6022		0.343		0.706		3.930		4.478		4.312		8.434		0.148		0.028		2.974
6026		0.343		0.707		3.928		4.483		4.316		8.427		0.149		0.028		2.978
6027		0.343		0.604		3.927		4.481		3.690		8.431		0.128		0.021		2.545
6028		0.343		0.605		3.926		4.477		3.694		8.440		0.129		0.021		2.546
6029		0.342		0.601		3.921		4.478		3.669		8.443		0.128		0.021		2.529
6030		0.343		0.602		3.922		4.480		3.673		8.438		0.128		0.021		2.533
6031		0.342		0.601		3.921		4.479		3.673		8.442		0.128		0.021		2.532
6032		0.343		0.602		3.925		4.480		3.675		8.435		0.128		0.021		2.534
6043		0.343		0.503		3.924		4.479		3.070		8.440		0.108		0.015		2.117
6044		0.342		0.503		3.922		4.478		3.070		8.442		0.107		0.015		2.117
6045		0.342		0.503		3.919		4.478		3.069		8.445		0.107		0.014		2.116
6046		0.343		0.504		3.929		4.482		3.076		8.427		0.107		0.014		2.122
6049		0.343		0.405		3.924		4.481		2.470		8.435		0.087		0.009		1.703
6050		0.342		0.405		3.922		4.480		2.473		8.439		0.087		0.009		1.705
6051		0.343		0.405		3.922		4.481		2.472		8.437		0.086		0.009		1.704
6052		0.342		0.405		3.922		4.479		2.472		8.442		0.087		0.009		1.704
6053		0.343		0.405		3.925		4.480		2.473		8.435		0.087		0.009		1.706
6054		0.343		0.405		3.924		4.480		2.471		8.437		0.086		0.009		1.704
6055		0.342		0.405		3.922		4.480		2.472		8.440		0.086		0.009		1.704
6056		0.343		0.405		3.928		4.482		2.470		8.429		0.086		0.009		1.704
6057		0.343		0.405		3.930		4.480		2.469		8.430		0.086		0.009		1.704
6058		0.344		0.405		3.933		4.483		2.469		8.422		0.086		0.009		1.704
6067		0.344		0.711		3.935		4.485		4.339		8.416		0.149		0.028		2.996
6068		0.342		0.702		3.921		4.480		4.287		8.441		0.149		0.028		2.955
6070		0.342		0.702		3.921		4.480		4.286		8.440		0.149		0.028		2.955
6071		0.343		0.702		3.922		4.480		4.287		8.438		0.149		0.028		2.956
6073		0.339		0.598		3.901		4.455		3.666		8.506		0.127		0.020		2.517
6080		0.343		0.606		3.931		4.483		3.702		8.424		0.127		0.020		2.554
6081		0.343		0.601		3.924		4.480		3.671		8.436		0.128		0.021		2.532
6087		0.343		0.504		3.932		4.482		3.079		8.425		0.107		0.014		2.124
6088		0.343		0.502		3.924		4.480		3.066		8.436		0.107		0.014		2.114
6089		0.343		0.502		3.922		4.480		3.065		8.439		0.107		0.014		2.114
6090		0.343		0.502		3.922		4.480		3.065		8.438		0.107		0.014		2.114
6091		0.343		0.404		3.924		4.481		2.466		8.435		0.086		0.009		1.700
6093		0.343		0.404		3.924		4.480		2.466		8.437		0.086		0.009		1.700
6094		0.343		0.404		3.926		4.481		2.463		8.433		0.087		0.009		1.699
6095		0.343		0.404		3.923		4.479		2.467		8.439		0.086		0.009		1.701
6096		0.343		0.404		3.923		4.480		2.465		8.438		0.086		0.009		1.700
6097		0.344		0.404		3.933		4.485		2.462		8.417		0.086		0.009		1.700
6098		0.343		0.404		3.930		4.483		2.464		8.426		0.086		0.009		1.700
6109		0.434		0.705		3.788		5.924		3.281		5.862		0.161		0.032		2.723
6110		0.433		0.706		3.776		5.929		3.283		5.866		0.163		0.033		2.724
6112		0.436		0.696		3.793		5.935		3.233		5.836		0.163		0.033		2.690
6114		0.436		0.697		3.793		5.935		3.237		5.837		0.164		0.033		2.694
6115		0.435		0.597		3.790		5.932		2.772		5.846		0.141		0.024		2.306
6116		0.435		0.597		3.787		5.932		2.773		5.850		0.141		0.025		2.305
6119		0.433		0.600		3.782		5.919		2.795		5.878		0.141		0.024		2.318
6120		0.434		0.602		3.785		5.926		2.799		5.863		0.142		0.025		2.324
6124		0.435		0.499		3.788		5.933		2.317		5.847		0.118		0.017		1.926
6125		0.435		0.499		3.790		5.933		2.317		5.845		0.119		0.017		1.927
6127		0.435		0.502		3.785		5.934		2.329		5.847		0.118		0.017		1.936
6128		0.434		0.500		3.787		5.924		2.327		5.865		0.117		0.017		1.932
6129		0.436		0.403		3.792		5.932		1.869		5.844		0.094		0.011		1.554
6130		0.434		0.402		3.783		5.929		1.866		5.858		0.095		0.011		1.550
6132		0.436		0.403		3.791		5.934		1.870		5.841		0.095		0.011		1.555
6133		0.434		0.403		3.779		5.926		1.870		5.869		0.096		0.011		1.552
6135		0.433		0.402		3.783		5.914		1.872		5.887		0.094		0.011		1.551
6136		0.435		0.402		3.788		5.932		1.864		5.849		0.095		0.011		1.550
6137		0.435		0.402		3.787		5.931		1.865		5.850		0.095		0.011		1.550
6138		0.435		0.402		3.789		5.933		1.865		5.845		0.095		0.011		1.551
6145		0.436		0.694		3.793		5.937		3.220		5.835		0.163		0.033		2.680
6146		0.435		0.693		3.789		5.930		3.220		5.850		0.164		0.033		2.677
6155		0.431		0.708		3.742		5.942		3.283		5.875		0.168		0.034		2.720
6166		0.437		0.696		3.798		5.936		3.232		5.830		0.164		0.033		2.692
6168		0.436		0.707		3.789		5.936		3.280		5.840		0.163		0.033		2.729
6169		0.438		0.705		3.820		5.922		3.280		5.835		0.167		0.034		2.730
6170		0.435		0.597		3.789		5.933		2.772		5.846		0.141		0.024		2.305
6171		0.435		0.597		3.789		5.932		2.770		5.846		0.141		0.024		2.304
6172		0.435		0.602		3.785		5.929		2.798		5.857		0.141		0.024		2.324
6179		0.435		0.501		3.789		5.932		2.325		5.848		0.119		0.017		1.933
6180		0.435		0.501		3.787		5.930		2.325		5.852		0.119		0.017		1.932
6181		0.435		0.502		3.786		5.928		2.333		5.858		0.118		0.017		1.937
6182		0.434		0.503		3.783		5.928		2.336		5.861		0.119		0.017		1.939
6183		0.435		0.403		3.787		5.929		1.870		5.855		0.095		0.011		1.554
6184		0.435		0.404		3.790		5.929		1.875		5.852		0.096		0.011		1.558
6185		0.436		0.403		3.790		5.933		1.869		5.843		0.096		0.011		1.554
6186		0.435		0.403		3.786		5.931		1.870		5.852		0.096		0.011		1.554
6187		0.435		0.403		3.787		5.931		1.870		5.852		0.096		0.011		1.554
6194		0.436		0.694		4.624		4.922		3.927		6.907		0.153		0.029		2.999
6195		0.437		0.693		4.632		4.924		3.924		6.896		0.153		0.029		3.000
6196		0.437		0.707		4.638		4.923		4.002		6.891		0.154		0.030		3.060
6197		0.436		0.602		4.634		4.919		3.410		6.902		0.133		0.022		2.604
6198		0.436		0.596		4.627		4.921		3.377		6.906		0.132		0.022		2.579
6199		0.436		0.597		4.629		4.921		3.378		6.903		0.132		0.022		2.580
6205		0.436		0.500		4.625		4.921		2.828		6.908		0.111		0.015		2.160
6208		0.436		0.500		4.625		4.924		2.828		6.903		0.111		0.015		2.160
6209		0.435		0.499		4.623		4.921		2.827		6.911		0.111		0.015		2.158
6210		0.436		0.500		4.629		4.921		2.829		6.904		0.110		0.015		2.161
6211		0.435		0.502		4.625		4.919		2.841		6.911		0.112		0.016		2.168
6212		0.436		0.501		4.635		4.920		2.837		6.901		0.110		0.015		2.167
6213		0.437		0.403		4.635		4.923		2.279		6.895		0.088		0.010		1.741
6214		0.436		0.403		4.634		4.919		2.281		6.903		0.089		0.010		1.742
6215		0.436		0.403		4.627		4.922		2.280		6.905		0.090		0.010		1.742
6216		0.436		0.403		4.627		4.921		2.279		6.907		0.090		0.010		1.740
6217		0.436		0.403		4.624		4.921		2.278		6.909		0.090		0.010		1.739
6219		0.436		0.403		4.625		4.921		2.278		6.909		0.089		0.010		1.739
6220		0.435		0.403		4.623		4.921		2.278		6.910		0.090		0.010		1.739
6242		0.436		0.709		4.624		4.922		4.014		6.907		0.152		0.029		3.064
6243		0.437		0.707		4.634		4.924		4.005		6.894		0.152		0.029		3.061
6244		0.437		0.707		4.642		4.922		4.005		6.890		0.154		0.029		3.062
6245		0.436		0.697		4.628		4.923		3.945		6.901		0.153		0.029		3.014
6246		0.436		0.696		4.628		4.921		3.944		6.905		0.153		0.029		3.012
6247		0.436		0.696		4.625		4.921		3.942		6.908		0.153		0.029		3.010
6248		0.436		0.597		4.624		4.922		3.380		6.908		0.132		0.022		2.581
6249		0.435		0.597		4.623		4.921		3.379		6.910		0.131		0.022		2.580
6250		0.435		0.596		4.624		4.920		3.378		6.911		0.132		0.022		2.578
6251		0.435		0.602		4.622		4.916		3.413		6.920		0.132		0.022		2.604
6252		0.436		0.604		4.632		4.922		3.420		6.899		0.134		0.022		2.613
6261		0.436		0.502		4.626		4.918		2.841		6.912		0.110		0.015		2.169
6262		0.436		0.501		4.632		4.920		2.838		6.904		0.111		0.015		2.167
6263		0.436		0.499		4.626		4.922		2.825		6.904		0.111		0.015		2.158
6264		0.436		0.499		4.628		4.922		2.824		6.903		0.111		0.015		2.157
6265		0.435		0.499		4.623		4.921		2.823		6.911		0.110		0.015		2.155
6266		0.436		0.499		4.627		4.921		2.824		6.905		0.111		0.015		2.157
6267		0.436		0.499		4.626		4.921		2.824		6.908		0.110		0.015		2.157
6270		0.436		0.401		4.626		4.921		2.270		6.907		0.089		0.010		1.733
6271		0.436		0.401		4.626		4.922		2.270		6.905		0.089		0.010		1.734
6272		0.436		0.401		4.627		4.922		2.270		6.905		0.089		0.010		1.733
6273		0.436		0.401		4.628		4.922		2.269		6.904		0.089		0.010		1.733
6274		0.436		0.403		4.633		4.922		2.281		6.899		0.089		0.010		1.743
6275		0.436		0.403		4.628		4.921		2.281		6.906		0.089		0.010		1.742
6276		0.437		0.402		4.639		4.920		2.276		6.895		0.089		0.010		1.740
6288		0.525		0.701		4.601		5.905		3.277		5.086		0.163		0.033		2.930
6289		0.526		0.701		4.609		5.906		3.274		5.076		0.164		0.033		2.931
6290		0.525		0.689		4.596		5.908		3.218		5.085		0.163		0.032		2.878
6291		0.525		0.689		4.594		5.908		3.219		5.086		0.163		0.033		2.879
6292		0.525		0.592		4.591		5.908		2.763		5.089		0.141		0.024		2.471
6293		0.525		0.591		4.592		5.908		2.761		5.089		0.141		0.024		2.469
6294		0.522		0.597		4.580		5.896		2.796		5.124		0.143		0.024		2.490
6295		0.523		0.598		4.586		5.897		2.799		5.117		0.142		0.024		2.496
6296		0.524		0.599		4.595		5.901		2.799		5.100		0.142		0.025		2.499
6304		0.526		0.499		4.601		5.908		2.330		5.080		0.118		0.017		2.085
6305		0.523		0.499		4.590		5.898		2.333		5.110		0.119		0.017		2.081
6306		0.525		0.495		4.595		5.907		2.312		5.088		0.118		0.017		2.067
6307		0.525		0.496		4.592		5.908		2.312		5.089		0.119		0.017		2.067
6308		0.525		0.496		4.593		5.909		2.312		5.087		0.118		0.017		2.068
6309		0.527		0.690		4.603		5.913		3.217		5.069		0.163		0.032		2.883
6310		0.527		0.690		4.604		5.913		3.217		5.067		0.163		0.032		2.884
6311		0.528		0.708		4.617		5.909		3.305		5.062		0.166		0.033		2.963
6312		0.526		0.705		4.596		5.912		3.290		5.077		0.166		0.033		2.946
6317		0.525		0.599		4.599		5.904		2.798		5.089		0.142		0.024		2.502
6318		0.523		0.598		4.590		5.893		2.800		5.119		0.141		0.024		2.496
6322		0.525		0.591		4.594		5.909		2.761		5.086		0.141		0.024		2.469
6323		0.525		0.591		4.593		5.907		2.760		5.089		0.141		0.024		2.468
6325		0.525		0.497		4.593		5.905		2.322		5.093		0.119		0.017		2.075
6326		0.524		0.497		4.590		5.905		2.321		5.096		0.119		0.017		2.074
6327		0.525		0.498		4.591		5.906		2.323		5.093		0.119		0.017		2.076
6328		0.525		0.500		4.602		5.903		2.336		5.088		0.118		0.017		2.089
6329		0.524		0.500		4.594		5.901		2.338		5.100		0.120		0.018		2.088
6339		0.524		0.400		4.587		5.907		1.866		5.095		0.096		0.011		1.667
6340		0.525		0.401		4.591		5.907		1.867		5.092		0.096		0.011		1.669
6341		0.525		0.400		4.590		5.908		1.867		5.091		0.096		0.011		1.669
6342		0.525		0.400		4.594		5.907		1.866		5.088		0.096		0.011		1.669
6343		0.525		0.400		4.591		5.906		1.865		5.093		0.096		0.011		1.667
6344		0.524		0.400		4.589		5.906		1.865		5.096		0.096		0.011		1.666
6345		0.525		0.401		4.595		5.905		1.871		5.092		0.096		0.011		1.672
6346		0.523		0.400		4.590		5.892		1.869		5.121		0.096		0.011		1.665
6347		0.525		0.400		4.589		5.909		1.866		5.091		0.095		0.011		1.668
6348		0.525		0.399		4.592		5.907		1.861		5.092		0.096		0.011		1.663
6349		0.525		0.399		4.593		5.909		1.861		5.087		0.096		0.011		1.664
6350		0.525		0.399		4.592		5.908		1.861		5.090		0.095		0.011		1.664
6351		0.525		0.399		4.590		5.908		1.861		5.091		0.096		0.011		1.664
6352		0.523		0.399		4.588		5.898		1.865		5.111		0.095		0.011		1.663
6353		0.525		0.400		4.597		5.902		1.865		5.094		0.095		0.011		1.667
6354		0.525		0.400		4.598		5.903		1.868		5.092		0.095		0.011		1.670
6359		0.565		0.685		4.566		6.261		2.953		4.453		0.168		0.034		2.832
6360		0.565		0.685		4.563		6.262		2.952		4.453		0.168		0.034		2.831
6363		0.561		0.697		4.553		6.248		3.015		4.490		0.167		0.034		2.878
6364		0.565		0.696		4.577		6.257		3.006		4.450		0.167		0.034		2.880
6365		0.564		0.695		4.580		6.247		3.008		4.465		0.169		0.034		2.876
6367		0.565		0.588		4.566		6.260		2.534		4.454		0.146		0.025		2.431
6368		0.565		0.588		4.570		6.261		2.533		4.449		0.146		0.026		2.431
6370		0.565		0.588		4.567		6.263		2.534		4.449		0.145		0.025		2.432
6371		0.565		0.596		4.567		6.258		2.573		4.457		0.148		0.026		2.466
6372		0.566		0.596		4.576		6.260		2.573		4.444		0.145		0.025		2.469
6373		0.566		0.496		4.578		6.261		2.138		4.440		0.122		0.018		2.054
6374		0.567		0.498		4.577		6.267		2.144		4.431		0.123		0.018		2.063
6375		0.565		0.493		4.566		6.262		2.123		4.451		0.122		0.018		2.038
6376		0.565		0.493		4.566		6.262		2.123		4.451		0.123		0.018		2.038
6377		0.565		0.493		4.564		6.261		2.123		4.454		0.122		0.018		2.036
6378		0.565		0.397		4.567		6.262		1.708		4.450		0.099		0.012		1.639
6379		0.565		0.397		4.565		6.262		1.708		4.451		0.099		0.012		1.639
6380		0.565		0.397		4.565		6.263		1.708		4.450		0.099		0.012		1.639
6381		0.565		0.397		4.568		6.263		1.706		4.448		0.099		0.012		1.638
6382		0.566		0.398		4.576		6.258		1.713		4.448		0.098		0.012		1.644
6383		0.566		0.399		4.575		6.257		1.716		4.450		0.098		0.012		1.647
6385		0.567		0.705		4.581		6.263		3.040		4.434		0.172		0.036		2.921
6386		0.570		0.709		4.601		6.267		3.054		4.405		0.170		0.035		2.942
6387		0.567		0.686		4.578		6.269		2.955		4.425		0.168		0.034		2.844
6388		0.568		0.687		4.578		6.271		2.958		4.422		0.168		0.034		2.848
6389		0.567		0.702		4.587		6.261		3.027		4.431		0.168		0.034		2.908
6390		0.563		0.599		4.560		6.254		2.585		4.472		0.147		0.026		2.474
6391		0.567		0.601		4.580		6.260		2.591		4.440		0.151		0.027		2.489
6393		0.566		0.590		4.565		6.266		2.543		4.443		0.146		0.026		2.443
6394		0.565		0.590		4.567		6.262		2.541		4.450		0.146		0.026		2.439
6395		0.565		0.589		4.569		6.262		2.541		4.448		0.146		0.026		2.439
6396		0.565		0.589		4.566		6.262		2.541		4.451		0.146		0.026		2.438
6397		0.568		0.687		4.580		6.270		2.956		4.422		0.168		0.034		2.846
6399		0.565		0.494		4.563		6.265		2.127		4.448		0.123		0.018		2.041
6400		0.564		0.493		4.559		6.257		2.126		4.467		0.123		0.018		2.037
6401		0.567		0.496		4.573		6.269		2.132		4.430		0.123		0.018		2.052
6402		0.565		0.494		4.567		6.262		2.127		4.450		0.123		0.018		2.042
6403		0.564		0.494		4.562		6.259		2.129		4.461		0.123		0.018		2.040
6404		0.565		0.494		4.567		6.260		2.128		4.454		0.123		0.018		2.041
6405		0.564		0.497		4.567		6.251		2.146		4.470		0.123		0.018		2.054
6406		0.566		0.498		4.574		6.260		2.147		4.448		0.124		0.018		2.060
6407		0.567		0.398		4.581		6.259		1.715		4.441		0.099		0.012		1.648
6408		0.566		0.399		4.574		6.260		1.717		4.446		0.099		0.012		1.648
6411		0.565		0.398		4.564		6.262		1.713		4.453		0.099		0.012		1.643
6412		0.565		0.398		4.565		6.259		1.714		4.457		0.099		0.012		1.643
6413		0.564		0.398		4.564		6.259		1.714		4.458		0.099		0.012		1.643
6415		0.565		0.398		4.569		6.261		1.714		4.449		0.099		0.012		1.645
6416		0.564		0.398		4.562		6.258		1.713		4.461		0.099		0.012		1.641
6417		0.565		0.398		4.564		6.259		1.714		4.458		0.100		0.012		1.644
6419		0.483		0.691		4.864		5.212		3.709		6.123		0.156		0.030		3.014
6421		0.483		0.691		4.864		5.213		3.711		6.121		0.155		0.030		3.015
6422		0.483		0.691		4.865		5.213		3.711		6.120		0.155		0.030		3.016
6423		0.481		0.707		4.857		5.200		3.804		6.152		0.158		0.030		3.084
6425		0.485		0.710		4.878		5.217		3.810		6.100		0.155		0.030		3.102
6426		0.486		0.708		4.890		5.215		3.803		6.091		0.155		0.030		3.097
6427		0.483		0.602		4.872		5.203		3.239		6.132		0.134		0.022		2.629
6428		0.482		0.601		4.865		5.202		3.235		6.140		0.136		0.023		2.625
6429		0.483		0.594		4.860		5.210		3.192		6.131		0.134		0.022		2.591
6430		0.483		0.594		4.860		5.209		3.192		6.132		0.134		0.022		2.591
6431		0.483		0.594		4.860		5.210		3.193		6.130		0.134		0.022		2.592
6432		0.483		0.595		4.860		5.211		3.196		6.129		0.135		0.023		2.595
6433		0.483		0.596		4.861		5.208		3.204		6.133		0.135		0.023		2.601
6434		0.482		0.498		4.858		5.210		2.677		6.134		0.113		0.016		2.173
6435		0.482		0.499		4.858		5.209		2.680		6.135		0.113		0.016		2.175
6436		0.482		0.499		4.857		5.210		2.678		6.133		0.113		0.016		2.174
6439		0.482		0.501		4.854		5.208		2.693		6.140		0.110		0.015		2.183
6440		0.483		0.500		4.867		5.202		2.691		6.139		0.114		0.016		2.183
6441		0.481		0.402		4.852		5.200		2.160		6.158		0.091		0.010		1.749
6442		0.483		0.403		4.861		5.209		2.161		6.132		0.091		0.010		1.754
6443		0.482		0.402		4.856		5.208		2.156		6.138		0.091		0.010		1.750
6444		0.482		0.402		4.859		5.208		2.156		6.136		0.091		0.010		1.750
6445		0.483		0.402		4.859		5.211		2.157		6.130		0.092		0.010		1.752
6446		0.483		0.402		4.860		5.211		2.157		6.129		0.092		0.010		1.752
6447		0.483		0.402		4.859		5.210		2.157		6.131		0.091		0.010		1.751
6448		0.482		0.402		4.859		5.209		2.156		6.134		0.091		0.010		1.750
6451		0.483		0.694		4.864		5.210		3.731		6.126		0.156		0.030		3.031
6452		0.483		0.695		4.861		5.212		3.731		6.127		0.156		0.030		3.030
6454		0.485		0.706		4.880		5.213		3.792		6.106		0.156		0.030		3.085
6455		0.485		0.709		4.872		5.220		3.805		6.100		0.156		0.031		3.097
6456		0.482		0.601		4.859		5.203		3.233		6.145		0.134		0.022		2.621
6459		0.483		0.595		4.862		5.212		3.195		6.124		0.134		0.022		2.595
6460		0.483		0.595		4.863		5.215		3.193		6.119		0.134		0.022		2.595
6461		0.483		0.595		4.861		5.211		3.196		6.127		0.134		0.022		2.596
6462		0.483		0.595		4.861		5.210		3.198		6.129		0.135		0.022		2.597
6463		0.483		0.596		4.863		5.211		3.203		6.127		0.135		0.023		2.601
6464		0.483		0.596		4.862		5.211		3.201		6.128		0.135		0.022		2.600
6465		0.483		0.498		4.859		5.211		2.673		6.129		0.113		0.016		2.170
6466		0.482		0.498		4.859		5.210		2.673		6.132		0.113		0.016		2.170
6467		0.482		0.498		4.857		5.210		2.673		6.134		0.113		0.016		2.169
6468		0.481		0.501		4.852		5.205		2.695		6.148		0.114		0.016		2.185
6469		0.482		0.502		4.854		5.208		2.695		6.141		0.113		0.016		2.186
6470		0.484		0.501		4.875		5.208		2.692		6.120		0.111		0.016		2.187
6471		0.482		0.401		4.855		5.204		2.156		6.146		0.091		0.010		1.748
6472		0.483		0.403		4.862		5.214		2.158		6.120		0.091		0.010		1.753
6473		0.483		0.401		4.860		5.211		2.151		6.129		0.091		0.010		1.747
6474		0.482		0.400		4.858		5.210		2.148		6.132		0.091		0.010		1.744
6475		0.483		0.401		4.859		5.210		2.150		6.131		0.091		0.010		1.745
6476		0.482		0.401		4.859		5.210		2.150		6.132		0.091		0.010		1.745
6477		0.483		0.401		4.860		5.210		2.149		6.131		0.091		0.010		1.745
6478		0.482		0.401		4.857		5.211		2.150		6.133		0.091		0.010		1.745
6479		0.483		0.401		4.859		5.211		2.149		6.131		0.091		0.010		1.745
6486		0.479		0.691		3.841		6.293		2.956		5.117		0.168		0.034		2.634
6487		0.480		0.702		3.849		6.289		3.007		5.117		0.168		0.034		2.680
6488		0.481		0.601		3.853		6.294		2.570		5.103		0.146		0.026		2.292
6489		0.479		0.594		3.841		6.292		2.540		5.119		0.145		0.026		2.263
6490		0.479		0.498		3.843		6.293		2.127		5.116		0.122		0.018		1.896
6491		0.480		0.498		3.845		6.296		2.127		5.108		0.122		0.018		1.897
6493		0.479		0.498		3.844		6.294		2.127		5.113		0.122		0.018		1.896
6494		0.480		0.500		3.850		6.293		2.139		5.109		0.123		0.018		1.908
6495		0.479		0.402		3.840		6.291		1.717		5.122		0.097		0.011		1.529
6496		0.479		0.401		3.843		6.294		1.711		5.114		0.098		0.012		1.525
6497		0.479		0.401		3.841		6.293		1.712		5.118		0.098		0.012		1.525
6498		0.480		0.401		3.844		6.294		1.711		5.113		0.098		0.012		1.525
6499		0.479		0.401		3.843		6.293		1.711		5.116		0.098		0.012		1.525
6500		0.480		0.690		3.846		6.295		2.950		5.109		0.168		0.034		2.631
6501		0.480		0.690		3.847		6.297		2.949		5.105		0.167		0.034		2.631
6502		0.478		0.704		3.843		6.286		3.018		5.129		0.170		0.035		2.685
6503		0.478		0.600		3.842		6.284		2.572		5.133		0.146		0.026		2.287
6504		0.479		0.600		3.848		6.284		2.575		5.128		0.147		0.026		2.292
6506		0.479		0.595		3.841		6.292		2.546		5.118		0.145		0.026		2.269
6507		0.480		0.595		3.845		6.294		2.546		5.111		0.145		0.026		2.270
6509		0.479		0.498		3.842		6.291		2.133		5.121		0.122		0.018		1.899
6510		0.478		0.499		3.839		6.290		2.133		5.124		0.122		0.018		1.899
6512		0.479		0.500		3.848		6.284		2.141		5.127		0.121		0.018		1.905
6513		0.478		0.402		3.841		6.286		1.720		5.130		0.098		0.012		1.530
6514		0.479		0.402		3.842		6.293		1.716		5.117		0.098		0.012		1.529
6515		0.479		0.402		3.840		6.291		1.717		5.123		0.098		0.012		1.529
6516		0.479		0.402		3.840		6.293		1.718		5.119		0.099		0.012		1.530
6517		0.479		0.402		3.840		6.292		1.717		5.120		0.099		0.012		1.529
6518		0.485		0.692		5.363		4.682		4.083		6.618		0.151		0.029		3.187
6519		0.484		0.691		5.359		4.683		4.077		6.621		0.150		0.028		3.183
6520		0.485		0.691		5.364		4.685		4.080		6.611		0.151		0.028		3.187
6521		0.485		0.705		5.368		4.677		4.165		6.623		0.153		0.029		3.249
6522		0.485		0.711		5.362		4.685		4.199		6.615		0.153		0.029		3.279
6523		0.486		0.709		5.382		4.680		4.188		6.602		0.152		0.029		3.274
6524		0.484		0.697		5.357		4.682		4.112		6.624		0.152		0.029		3.209
6525		0.484		0.697		5.354		4.680		4.116		6.630		0.152		0.029		3.210
6526		0.484		0.697		5.353		4.682		4.116		6.629		0.152		0.029		3.211
6527		0.484		0.596		5.355		4.681		3.520		6.628		0.130		0.021		2.745
6528		0.484		0.596		5.355		4.680		3.520		6.630		0.131		0.021		2.746
6529		0.483		0.596		5.352		4.680		3.519		6.634		0.130		0.021		2.744
6531		0.485		0.604		5.366		4.678		3.568		6.622		0.130		0.021		2.785
6532		0.484		0.603		5.363		4.676		3.564		6.630		0.128		0.020		2.778
6533		0.484		0.604		5.360		4.679		3.564		6.627		0.130		0.021		2.780
6534		0.485		0.602		5.372		4.681		3.554		6.612		0.130		0.021		2.776
6535		0.484		0.595		5.353		4.680		3.516		6.631		0.131		0.021		2.742
6536		0.483		0.595		5.351		4.678		3.516		6.638		0.130		0.021		2.740
6537		0.389		0.694		3.906		5.225		3.720		7.056		0.155		0.030		2.809
6538		0.392		0.708		3.924		5.237		3.786		7.017		0.156		0.030		2.867
6539		0.389		0.603		3.910		5.222		3.233		7.059		0.133		0.022		2.440
6541		0.389		0.598		3.904		5.224		3.202		7.060		0.134		0.022		2.418
6542		0.388		0.501		3.903		5.222		2.685		7.066		0.113		0.016		2.026
6543		0.389		0.501		3.905		5.223		2.683		7.062		0.112		0.016		2.026
6544		0.390		0.503		3.913		5.227		2.695		7.046		0.113		0.016		2.037
6545		0.389		0.696		3.905		5.225		3.731		7.058		0.155		0.030		2.817
6546		0.389		0.706		3.912		5.222		3.786		7.056		0.154		0.030		2.859
6547		0.389		0.604		3.905		5.222		3.235		7.063		0.133		0.022		2.442
6548		0.389		0.598		3.904		5.224		3.203		7.062		0.134		0.022		2.418
6549		0.389		0.598		3.904		5.224		3.202		7.060		0.134		0.022		2.417
6550		0.389		0.500		3.905		5.224		2.678		7.059		0.112		0.016		2.022
6551		0.389		0.500		3.905		5.224		2.678		7.060		0.112		0.016		2.022
6552		0.389		0.502		3.906		5.222		2.692		7.063		0.111		0.015		2.032
7593		0.613		0.689		5.262		5.615		3.155		4.246		0.157		0.030		3.100
7599		0.602		0.678		5.249		5.540		3.160		4.400		0.170		0.033		3.049
7600		0.610		0.702		5.262		5.592		3.231		4.289		0.160		0.031		3.155
7601		0.617		0.707		5.293		5.619		3.235		4.207		0.165		0.033		3.189
7602		0.615		0.700		5.276		5.615		3.207		4.232		0.162		0.032		3.157
7603		0.616		0.698		5.295		5.613		3.200		4.218		0.160		0.031		3.154
7604		0.618		0.698		5.284		5.628		3.186		4.200		0.158		0.030		3.152
7605		0.614		0.597		5.278		5.612		2.736		4.236		0.138		0.023		2.694
7606		0.615		0.600		5.280		5.614		2.749		4.230		0.137		0.023		2.705
7607		0.611		0.592		5.274		5.593		2.726		4.275		0.136		0.023		2.665
7608		0.613		0.589		5.258		5.616		2.697		4.248		0.137		0.023		2.651
7609		0.612		0.589		5.258		5.614		2.699		4.251		0.137		0.023		2.651
7610		0.613		0.590		5.258		5.616		2.698		4.248		0.137		0.023		2.653
7611		0.613		0.493		5.257		5.616		2.256		4.250		0.115		0.016		2.217
7612		0.613		0.493		5.260		5.616		2.256		4.246		0.115		0.016		2.218
7613		0.613		0.493		5.258		5.616		2.255		4.248		0.115		0.016		2.217
7614		0.613		0.493		5.259		5.615		2.255		4.249		0.115		0.016		2.216
7615		0.612		0.493		5.257		5.615		2.257		4.252		0.115		0.016		2.217
7616		0.612		0.493		5.256		5.615		2.256		4.252		0.115		0.016		2.216
7617		0.615		0.497		5.277		5.619		2.271		4.222		0.114		0.016		2.238
7618		0.615		0.498		5.275		5.616		2.276		4.231		0.115		0.016		2.240
7619		0.614		0.496		5.278		5.606		2.275		4.247		0.115		0.016		2.237
7620		0.612		0.399		5.258		5.610		1.827		4.260		0.093		0.010		1.792
7621		0.614		0.399		5.276		5.608		1.826		4.244		0.093		0.010		1.795
7622		0.613		0.399		5.273		5.605		1.826		4.254		0.092		0.010		1.793
7623		0.616		0.398		5.285		5.616		1.820		4.221		0.093		0.010		1.796
7625		0.613		0.397		5.261		5.616		1.815		4.246		0.093		0.010		1.785
7626		0.613		0.397		5.258		5.616		1.815		4.249		0.093		0.010		1.784
7627		0.612		0.397		5.256		5.614		1.815		4.253		0.093		0.010		1.783
7628		0.613		0.397		5.261		5.616		1.816		4.246		0.093		0.010		1.785
7629		0.612		0.397		5.257		5.615		1.815		4.251		0.093		0.010		1.784
7630		0.613		0.397		5.259		5.615		1.815		4.249		0.093		0.010		1.784
7631		0.612		0.397		5.256		5.615		1.815		4.253		0.093		0.010		1.783
7632		0.613		0.397		5.258		5.615		1.815		4.249		0.093		0.010		1.784
7633		0.612		0.397		5.256		5.616		1.815		4.251		0.093		0.010		1.784
7634		0.612		0.397		5.257		5.615		1.814		4.252		0.093		0.010		1.782
7635		0.619		0.703		5.293		5.633		3.206		4.182		0.160		0.031		3.176
7636		0.618		0.703		5.281		5.631		3.206		4.196		0.160		0.031		3.172
7637		0.621		0.703		5.298		5.638		3.202		4.167		0.163		0.032		3.181
7638		0.618		0.707		5.293		5.628		3.226		4.189		0.157		0.030		3.189
7639		0.623		0.712		5.323		5.636		3.245		4.146		0.163		0.033		3.232
7640		0.612		0.598		5.266		5.601		2.744		4.269		0.139		0.023		2.691
7641		0.613		0.603		5.255		5.616		2.758		4.251		0.138		0.023		2.711
7642		0.614		0.594		5.265		5.621		2.717		4.232		0.137		0.023		2.677
7643		0.614		0.593		5.269		5.619		2.713		4.232		0.138		0.023		2.674
7644		0.615		0.594		5.271		5.620		2.714		4.228		0.139		0.023		2.676
7645		0.615		0.595		5.277		5.618		2.721		4.226		0.137		0.023		2.684
7646		0.613		0.495		5.259		5.618		2.265		4.245		0.116		0.016		2.228
7647		0.613		0.496		5.263		5.616		2.267		4.244		0.115		0.016		2.231
7648		0.614		0.496		5.262		5.618		2.268		4.240		0.115		0.016		2.233
7649		0.613		0.496		5.261		5.615		2.267		4.247		0.115		0.016		2.230
7650		0.612		0.495		5.254		5.611		2.267		4.263		0.116		0.016		2.225
7651		0.612		0.495		5.253		5.612		2.265		4.260		0.115		0.016		2.223
7652		0.613		0.495		5.259		5.614		2.265		4.252		0.115		0.016		2.226
7654		0.614		0.499		5.270		5.617		2.283		4.235		0.116		0.016		2.247
7655		0.613		0.498		5.262		5.611		2.281		4.253		0.114		0.016		2.241
7657		0.612		0.399		5.259		5.609		1.825		4.259		0.094		0.011		1.792
7658		0.612		0.399		5.257		5.613		1.823		4.254		0.092		0.010		1.790
7659		0.612		0.399		5.260		5.609		1.825		4.261		0.093		0.011		1.788
7660		0.611		0.398		5.260		5.604		1.826		4.269		0.092		0.010		1.790
7661		0.613		0.398		5.261		5.616		1.820		4.246		0.093		0.010		1.790
7662		0.612		0.398		5.256		5.612		1.821		4.258		0.093		0.010		1.787
7663		0.613		0.398		5.260		5.614		1.819		4.250		0.093		0.011		1.787
7666		0.613		0.399		5.259		5.619		1.823		4.242		0.093		0.011		1.794
7667		0.613		0.398		5.260		5.618		1.819		4.243		0.092		0.010		1.789
7668		0.613		0.398		5.260		5.613		1.820		4.252		0.092		0.010		1.788
7669		0.613		0.398		5.258		5.615		1.820		4.250		0.093		0.011		1.789
7670		0.613		0.398		5.259		5.616		1.820		4.246		0.093		0.010		1.789
7671		0.488		0.600		5.377		4.322		3.527		6.558		0.125		0.020		2.765
7672		0.488		0.600		5.378		4.322		3.527		6.557		0.126		0.020		2.765
7673		0.489		0.608		5.391		4.322		3.573		6.544		0.124		0.019		2.804
7674		0.489		0.609		5.390		4.327		3.579		6.534		0.128		0.020		2.810
7675		0.489		0.503		5.389		4.321		2.956		6.547		0.104		0.014		2.318
7676		0.489		0.504		5.390		4.325		2.963		6.539		0.105		0.014		2.326
7677		0.491		0.507		5.404		4.327		2.976		6.521		0.105		0.014		2.339
7679		0.488		0.501		5.377		4.323		2.945		6.556		0.105		0.014		2.309
7680		0.488		0.501		5.378		4.323		2.946		6.555		0.105		0.014		2.310
7681		0.488		0.501		5.377		4.321		2.944		6.559		0.105		0.014		2.307
7682		0.488		0.501		5.375		4.322		2.943		6.559		0.105		0.014		2.307
7684		0.487		0.403		5.372		4.320		2.368		6.565		0.084		0.009		1.855
7685		0.488		0.403		5.376		4.321		2.367		6.560		0.084		0.009		1.855
7686		0.488		0.403		5.379		4.321		2.366		6.557		0.084		0.009		1.855
7687		0.487		0.403		5.375		4.320		2.366		6.563		0.085		0.009		1.854
7688		0.488		0.403		5.377		4.322		2.367		6.559		0.084		0.009		1.855
7689		0.488		0.403		5.378		4.321		2.368		6.558		0.084		0.009		1.856
7690		0.487		0.403		5.372		4.321		2.367		6.564		0.084		0.009		1.854
7692		0.487		0.403		5.370		4.319		2.366		6.569		0.084		0.009		1.853
7694		0.489		0.404		5.390		4.321		2.376		6.547		0.084		0.009		1.864
7695		0.489		0.404		5.389		4.320		2.372		6.550		0.084		0.009		1.860
7697		0.487		0.605		5.370		4.325		3.558		6.559		0.125		0.019		2.788
7698		0.488		0.605		5.384		4.316		3.559		6.563		0.127		0.020		2.788
7699		0.487		0.598		5.376		4.320		3.520		6.562		0.125		0.020		2.758
7702		0.487		0.599		5.375		4.320		3.520		6.563		0.125		0.020		2.759
7703		0.487		0.598		5.369		4.319		3.521		6.572		0.125		0.019		2.757
7706		0.488		0.502		5.379		4.322		2.948		6.556		0.105		0.014		2.311
7707		0.487		0.501		5.374		4.320		2.947		6.563		0.105		0.014		2.309
7708		0.488		0.501		5.377		4.320		2.947		6.560		0.105		0.014		2.310
7709		0.488		0.501		5.380		4.320		2.946		6.559		0.105		0.014		2.309
7710		0.487		0.501		5.376		4.320		2.947		6.562		0.105		0.014		2.310
7711		0.489		0.505		5.392		4.320		2.967		6.545		0.104		0.014		2.328
7712		0.489		0.503		5.391		4.322		2.956		6.544		0.105		0.014		2.320
7713		0.488		0.404		5.384		4.322		2.371		6.551		0.084		0.009		1.860
7714		0.489		0.406		5.385		4.324		2.386		6.546		0.086		0.009		1.872
7715		0.489		0.405		5.394		4.317		2.378		6.549		0.085		0.009		1.865
7716		0.488		0.404		5.378		4.321		2.375		6.558		0.086		0.009		1.862
7717		0.488		0.405		5.378		4.322		2.377		6.557		0.085		0.009		1.864
7718		0.487		0.404		5.374		4.318		2.377		6.567		0.085		0.009		1.862
7719		0.488		0.405		5.376		4.322		2.377		6.559		0.085		0.009		1.863
7720		0.488		0.404		5.377		4.320		2.376		6.561		0.085		0.009		1.862
7721		0.487		0.404		5.372		4.320		2.375		6.566		0.084		0.009		1.861
7722		0.488		0.405		5.378		4.323		2.377		6.555		0.085		0.009		1.864
7724		0.565		0.872		5.340		5.160		4.442		5.023		0.191		0.045		3.990
7725		0.564		0.879		5.344		5.152		4.450		5.033		0.179		0.040		3.987
7727		0.573		0.653		5.377		5.189		3.272		4.931		0.145		0.026		2.971
7728		0.572		0.654		5.371		5.193		3.272		4.930		0.149		0.027		2.972
7735		0.572		0.643		5.371		5.192		3.217		4.931		0.143		0.025		2.923
7736		0.573		0.644		5.374		5.193		3.221		4.927		0.143		0.025		2.928
7737		0.572		0.544		5.370		5.190		2.722		4.935		0.122		0.018		2.472
7738		0.572		0.544		5.369		5.190		2.721		4.936		0.122		0.018		2.472
7739		0.572		0.544		5.367		5.192		2.722		4.935		0.123		0.019		2.473
7740		0.573		0.544		5.373		5.192		2.722		4.929		0.121		0.018		2.474
7747		0.573		0.552		5.385		5.182		2.768		4.935		0.122		0.018		2.514
7748		0.570		0.551		5.357		5.187		2.757		4.954		0.125		0.019		2.499
7749		0.573		0.549		5.378		5.189		2.750		4.929		0.122		0.018		2.500
7750		0.573		0.449		5.383		5.187		2.248		4.929		0.097		0.012		2.043
7751		0.573		0.450		5.376		5.187		2.253		4.935		0.101		0.013		2.046
7752		0.572		0.450		5.371		5.186		2.251		4.942		0.101		0.012		2.044
7757		0.573		0.447		5.373		5.191		2.237		4.931		0.100		0.012		2.033
7758		0.572		0.447		5.368		5.190		2.238		4.936		0.100		0.012		2.032
7759		0.572		0.447		5.371		5.191		2.237		4.932		0.100		0.012		2.032
7760		0.565		0.873		5.345		5.159		4.415		5.019		0.186		0.043		3.963
7762		0.560		0.874		5.321		5.133		4.436		5.091		0.198		0.047		3.950
7768		0.575		0.651		5.384		5.201		3.252		4.901		0.143		0.025		2.966
7769		0.575		0.650		5.386		5.199		3.251		4.903		0.144		0.025		2.963
7770		0.574		0.652		5.374		5.199		3.257		4.915		0.144		0.026		2.965
7771		0.576		0.651		5.390		5.202		3.252		4.893		0.146		0.026		2.969
7772		0.575		0.657		5.390		5.197		3.283		4.903		0.145		0.026		2.991
7773		0.571		0.549		5.364		5.183		2.752		4.954		0.121		0.018		2.493
7774		0.573		0.551		5.383		5.189		2.757		4.925		0.120		0.018		2.506
7775		0.573		0.545		5.373		5.192		2.729		4.928		0.122		0.018		2.481
7776		0.574		0.545		5.379		5.193		2.727		4.920		0.121		0.018		2.481
7777		0.572		0.545		5.370		5.190		2.727		4.936		0.121		0.018		2.477
7783		0.573		0.449		5.372		5.192		2.246		4.930		0.100		0.012		2.041
7784		0.572		0.449		5.369		5.189		2.245		4.937		0.101		0.012		2.038
7785		0.572		0.449		5.369		5.192		2.246		4.933		0.101		0.012		2.040
7786		0.572		0.449		5.372		5.192		2.247		4.931		0.101		0.012		2.042
7787		0.572		0.449		5.366		5.188		2.244		4.942		0.101		0.012		2.037
7790		0.572		0.450		5.376		5.184		2.253		4.941		0.099		0.012		2.044
7791		0.572		0.451		5.362		5.194		2.252		4.936		0.105		0.013		2.044
7792		0.572		0.450		5.380		5.184		2.252		4.937		0.101		0.012		2.043
7793		0.529		0.658		5.331		4.823		3.537		5.664		0.143		0.025		2.990
7794		0.532		0.655		5.356		4.834		3.514		5.617		0.136		0.023		2.981
7796		0.530		0.646		5.335		4.829		3.468		5.647		0.139		0.024		2.936
7797		0.530		0.646		5.337		4.828		3.470		5.648		0.139		0.024		2.938
7798		0.529		0.547		5.333		4.826		2.937		5.655		0.119		0.018		2.485
7799		0.529		0.546		5.332		4.826		2.935		5.657		0.118		0.017		2.483
7800		0.530		0.547		5.335		4.825		2.941		5.656		0.119		0.017		2.488
7801		0.528		0.551		5.326		4.821		2.962		5.673		0.119		0.018		2.502
7802		0.530		0.552		5.340		4.823		2.965		5.655		0.117		0.017		2.507
7803		0.531		0.450		5.348		4.825		2.419		5.642		0.097		0.012		2.048
7804		0.529		0.452		5.336		4.820		2.428		5.665		0.098		0.012		2.052
7805		0.529		0.449		5.333		4.826		2.411		5.655		0.098		0.012		2.040
7806		0.530		0.449		5.334		4.827		2.411		5.652		0.097		0.012		2.041
7807		0.529		0.449		5.331		4.825		2.409		5.660		0.097		0.012		2.038
7808		0.530		0.647		5.334		4.829		3.473		5.649		0.139		0.024		2.941
7809		0.530		0.646		5.336		4.828		3.470		5.650		0.139		0.024		2.938
7811		0.531		0.657		5.345		4.830		3.526		5.636		0.139		0.024		2.989
7812		0.530		0.550		5.339		4.823		2.957		5.656		0.120		0.018		2.500
7813		0.529		0.546		5.330		4.824		2.933		5.662		0.118		0.017		2.480
7814		0.529		0.546		5.331		4.825		2.933		5.659		0.119		0.017		2.480
7815		0.529		0.451		5.333		4.826		2.421		5.655		0.099		0.012		2.049
7816		0.529		0.451		5.333		4.825		2.421		5.657		0.098		0.012		2.048
7817		0.529		0.451		5.332		4.825		2.421		5.658		0.098		0.012		2.048
7819		0.533		0.454		5.362		4.830		2.434		5.619		0.099		0.012		2.066
7820		0.530		0.452		5.340		4.822		2.428		5.657		0.097		0.012		2.054
