6000    26.27     0.83    26.10     0.14     0.12     0.00
6005   162.44     2.53   175.18     1.16     0.68     6.59
6008   106.24     1.76   102.62     0.91     0.20     6.74
6554     9.52     0.58     8.18     0.06     0.07     0.00
6555    63.21     1.22    56.48     0.43     0.54     2.15
6556    30.03     0.77    26.69     0.00     0.36     2.09
6557    62.15     1.25    52.18     1.39     0.30     3.29
6558    97.15     1.91    88.61     1.70     1.00     3.21
6559    15.86     0.96    12.71     0.25     0.11     0.00
6021   282.20     1.43   218.44    11.04    12.38     8.22
6022    43.37     0.86    32.58     1.20     1.97     0.00
6025   173.42     1.28   124.18    10.33     3.47     8.17
6026    43.72     0.81    32.56     1.52     2.07     0.00
6028    42.97     0.61    35.89     0.66     0.55     0.00
6032   273.10     2.04   240.97     5.22     3.82     9.14
6036   167.98     1.18   137.49     4.95     1.18     9.50
6042   159.24     0.97   143.03     2.35     0.57     9.68
6045   254.17     2.49   247.65     2.54     1.87     9.46
6046    41.41     0.76    36.53     0.27     0.27     0.00
6055   250.84     1.79   260.16     1.67     1.00     9.64
6058    37.79     0.45    38.53     0.18     0.13     0.00
6064   151.08     1.00   148.67     1.39     0.31    10.06
6066    65.76     0.60    56.00     0.00     6.65     4.84
6067    21.55     0.48    18.69     0.65     1.19     0.00
6071   136.44     1.35   124.61     5.57     8.05     4.80
6081   142.46     1.47   142.02     2.59     2.46     5.12
6080    23.36     0.48    21.22     0.34     0.37     0.00
6083    68.89     0.68    64.00     0.00     2.07     5.46
6086    71.88     0.73    69.85     0.00     0.96     5.85
6087    23.73     0.47    22.25     0.16     0.17     0.00
6090   150.57     1.61   151.30     1.36     1.21     5.64
6096   165.18     1.96   165.43     0.67     0.64     6.19
6098    26.47     0.58    24.67     0.08     0.08     0.00
6103    79.67     0.90    77.69     0.00     0.52     6.65
6106    89.09     0.83    65.09     0.00    22.31     5.88
6110    25.73     0.53    23.02     2.23     3.14     0.00
6112   184.60     1.95   147.26    11.45    22.49     5.64
6116   195.56     1.90   183.34     5.18     9.24     7.56
6118    94.36     0.98    81.83     0.00     7.61     7.05
6120    27.97     0.60    28.16     0.69     1.42     0.00
6121    61.99     1.79    56.69     0.00     3.69     4.91
6126    97.90     0.90    91.09     0.00     2.28     7.92
6125   196.63     1.72   196.46     2.17     3.25     8.15
6128    30.12     0.58    29.49     0.29     0.56     0.00
6135    28.19     0.61    28.98     0.12     0.25     0.00
6138   181.53     1.86   191.96     0.93     1.37     7.23
6141    89.08     0.93    92.03     0.00     0.91     7.52
6144   222.51     1.61   168.00    33.38    15.34    11.12
6146   361.88     3.24   278.68    40.04    44.93    10.91
6166   219.92     2.13   164.32    29.16    14.58    10.73
6169    55.06     0.97    42.62     6.02     5.70     0.00
6171   349.12     2.75   326.03    14.44    17.16    12.57
6172    50.29     1.21    49.17     1.81     2.76     0.00
6175   226.15     2.02   193.49    11.03     5.19    12.29
6178   207.24     2.40   189.82     5.47     1.52    13.14
6180   328.00     2.83   326.53     6.68     5.60    12.54
6182    45.98     0.97    49.44     0.86     1.00     0.00
6184    39.70     0.87    44.17     0.40     0.49     0.00
6187   285.03     2.59   295.99     3.03     2.68    11.55
6190   180.73     1.95   173.11     2.60     0.70    11.87
6193   114.20     0.98    79.77     7.59     4.37     5.12
6195   184.24     1.51   134.91    10.46    14.11     5.10
6196    26.34     0.55    19.80     1.46     2.03     0.00
6197    25.81     0.57    21.69     0.57     0.60     0.00
6199   175.54     1.54   146.63     4.09     3.32     5.39
6201   115.59     0.94    88.30     4.04     1.01     5.78
6204   111.05     0.84    95.85     2.00     0.48     5.94
6210   170.22     1.29   160.46     2.40     1.45     6.02
6212    25.08     0.39    23.45     0.26     0.23     0.00
6214    22.49     0.46    22.27     0.15     0.11     0.00
6220   151.25     1.29   152.39     1.06     0.72     5.86
6225    98.35     0.85    89.99     0.92     0.21     5.67
6241    41.80     0.40    32.46     0.00     7.35     2.83
6244    12.05     0.26    11.01     0.57     1.13     0.00
6247    84.70     0.83    73.00     3.45     8.16     2.72
6250    89.63     0.93    83.23     1.78     2.18     3.12
6252    12.71     0.29    12.40     0.22     0.36     0.00
6255    41.41     0.42    37.70     0.00     1.73     3.18
6260    50.22     0.43    44.37     0.00     0.67     3.63
6262    14.22     0.27    14.05     0.11     0.13     0.00
6267   100.46     0.87    94.88     0.88     0.91     3.59
6273    99.30     0.95    95.94     0.39     0.43     3.66
6276    14.87     0.35    13.97     0.05     0.06     0.00
6284    50.56     0.48    45.63     0.00     0.29     3.62
6287    41.34     0.38    26.98     0.00    11.35     2.35
6289    10.45     0.20     9.39     1.26     1.40     0.00
6291    81.52     0.78    61.42     8.78    11.12     2.49
6293    85.11     0.91    77.22     2.27     5.88     3.09
6296    11.28     0.22    11.76     0.39     0.77     0.00
6299    43.95     0.42    35.29     0.00     5.16     3.05
6302    41.98     0.39    39.72     0.00     1.66     3.28
6304    12.15     0.37    12.40     0.14     0.38     0.00
6308    86.07     0.80    84.50     1.03     2.33     3.17
6310   174.25     1.36   118.12    30.59    21.85     4.50
6312    21.93     0.49    18.01     3.82     2.62     0.00
6314   108.66     0.92    73.51    26.90     7.71     4.57
6316   100.50     0.93    89.01     6.46     3.60     5.43
6318    20.55     0.38    21.33     1.21     1.36     0.00
6323   155.20     1.42   142.45     7.61    10.81     5.38
6327   140.13     1.17   142.70     3.64     3.93     5.55
6329    19.43     0.39    21.33     0.51     0.62     0.00
6332    96.58     0.78    88.65     2.96     1.14     5.36
6338    84.01     0.65    77.59     1.35     0.49     4.88
6344   118.66     1.01   127.44     1.61     1.80     4.85
6346    16.30     0.86    18.71     0.20     0.38     0.00
6350    84.84     0.95    80.87     0.44     1.04     3.03
6354    12.24     0.24    11.85     0.06     0.20     0.00
6358    38.41     0.42    39.70     0.00     0.65     3.13
6360    70.49     0.63    50.11    10.15    10.33     1.90
6365     8.80     0.24     7.64     1.33     1.16     0.00
6370    74.69     0.74    66.11     3.03     6.72     2.54
6372    10.27     0.25    10.01     0.49     0.84     0.00
6374     9.98     0.26    10.67     0.20     0.53     0.00
6377    73.79     0.76    71.69     1.27     3.82     2.79
6381    74.44     0.78    68.45     0.53     2.07     2.61
6383     9.77     0.27    10.16     0.09     0.33     0.00
6386    19.45     0.44    14.79     4.26     2.34     0.00
6388   158.29     0.94    97.69    37.60    20.83     3.88
6389    19.52     0.58    14.79     4.21     2.35     0.00
6391    18.47     0.46    18.24     1.46     1.50     0.00
6395   134.15     1.18   120.78    10.58    12.46     4.76
6398   152.70     1.32    96.46    34.95    20.93     3.69
6404   117.44     1.01   123.07     4.33     6.20     4.71
6406    16.01     0.41    18.13     0.64     0.85     0.00
6408    14.70     0.40    15.60     0.24     0.57     0.00
6417   102.04     0.90   105.59     1.83     3.68     4.03
6422   158.94     0.93   112.53    12.69    15.44     4.17
6426    21.73     0.46    16.57     1.85     1.97     0.00
6428    19.90     0.44    17.92     0.54     0.68     0.00
6433   139.54     0.86   121.29     4.36     4.58     4.72
6436   135.24     1.11   132.58     1.97     1.60     5.07
6440    18.42     0.47    19.47     0.26     0.27     0.00
6442    17.26     0.46    17.76     0.14     0.13     0.00
6448   117.44     1.00   121.77     1.02     0.73     4.61
6453    71.01     0.54    59.83     4.15     8.82     2.26
6455     9.05     0.23     8.92     0.65     1.09     0.00
6456    10.11     0.33     9.95     0.19     0.38     0.00
6464    73.33     0.52    68.20     1.56     2.69     2.65
6467    80.87     0.75    78.18     0.69     1.05     2.93
6470    11.44     0.30    11.42     0.10     0.16     0.00
6472    11.52     0.33    11.26     0.04     0.07     0.00
6479    79.59     0.76    76.92     0.30     0.44     2.91
6486   177.33     1.58   125.62    18.99    22.49     4.87
6487    22.52     0.67    19.21     2.57     2.73     0.00
6488    24.51     0.77    24.19     0.79     1.60     0.00
6489   177.24     2.01   156.65     5.18    11.98     6.46
6493   180.95     1.73   171.25     2.03     4.63     6.72
6494    23.85     0.71    25.74     0.33     0.84     0.00
6495    23.87     0.72    24.49     0.13     0.40     0.00
6499   171.00     1.57   162.70     1.01     2.01     6.37
6501   337.18     2.57   237.54    58.86    46.55     9.30
6502    46.28     0.86    36.45     7.38     5.29     0.00
6503    42.25     1.05    43.65     2.69     3.20     0.00
6507   306.77     2.07   287.09    15.38    23.86    11.31
6510   278.27     2.48   283.00     7.06     8.65    11.04
6512    38.61     1.07    42.94     1.09     1.44     0.00
6513    34.68     1.10    37.56     0.46     0.82     0.00
6517   244.59     2.15   249.04     3.19     4.15     9.91
6520    94.62     1.30    68.23     5.24     7.19     2.61
6521    13.85     0.39    10.79     1.07     1.09     0.00
6523     6.33     0.19     5.79     0.36     0.63     0.00
6526    44.93     0.42    39.39     2.11     5.23     1.49
6529    47.20     0.47    45.10     0.90     1.43     1.72
6532     6.42     0.20     6.59     0.13     0.20     0.00
6534    12.80     0.36    11.76     0.36     0.33     0.00
6536    97.98     0.81    80.82     2.63     2.12     3.04
6537   349.44     2.89   253.45    17.16    26.11    10.26
6538    50.64     1.25    38.77     2.80     3.80     0.00
6539    47.67     1.27    41.38     0.96     1.12     0.00
6541   321.44     2.97   275.10     9.02     6.86    10.28
6543   315.83     2.53   305.10     4.25     3.12    12.30
6544    46.17     1.15    45.58     0.54     0.47     0.00
6545   172.95     1.68   142.06     7.39    14.98     5.39
6546    24.64     0.74    21.60     1.12     2.12     0.00
6547    26.77     0.77    24.25     0.44     0.66     0.00
6549   176.03     1.80   159.14     3.26     4.03     6.14
6551   195.86     1.82   184.27     1.82     1.95     6.94
6552    28.97     0.76    27.22     0.22     0.24     0.00
7597    30.21     0.26    21.73     5.28     4.99     0.80
7604     3.75     0.12     3.23     0.66     0.55     0.00
7607     3.64     0.12     4.19     0.24     0.37     0.00
7610    29.96     0.30    28.21     1.59     3.23     1.07
7616    30.78     0.26    31.21     0.67     1.98     1.18
7619     3.97     0.11     4.52     0.10     0.25     0.00
7623     4.05     0.12     4.32     0.04     0.17     0.00
7634    30.86     0.26    29.65     0.29     1.27     1.10
7637    64.64     0.61    42.20    17.63     9.99     1.60
7639     7.75     0.25     6.29     2.13     0.99     0.00
7641     7.17     0.23     7.68     0.78     0.61     0.00
7645    55.25     0.50    52.53     5.59     5.75     1.96
7652    48.75     0.37    53.36     2.35     3.07     2.02
7655     6.48     0.18     7.73     0.32     0.38     0.00
7660     5.84     0.15     6.70     0.12     0.30     0.00
7670    41.62     0.45    46.05     0.92     2.07     1.73
7672    37.91     0.44    37.07     0.84     1.15     1.35
7674     5.26     0.18     5.32     0.10     0.17     0.00
7677     5.86     0.15     5.67     0.05     0.06     0.00
7682    41.14     0.42    39.39     0.35     0.41     1.49
7692    41.60     0.45    41.72     0.17     0.21     1.54
7695     5.97     0.16     5.91     0.02     0.03     0.00
7698     9.87     0.28     9.54     0.26     0.27     0.00
7703    71.09     0.66    66.26     2.40     1.76     2.39
7710    69.09     0.62    67.65     1.10     0.72     2.51
7712     9.92     0.45     9.54     0.13     0.10     0.00
7715     8.79     0.29     9.52     0.06     0.05     0.00
7722    62.88     0.63    67.02     0.52     0.33     2.42
7723     2.19     0.15     1.32     0.00     1.92     0.11
7724    15.82     0.42     5.15    10.10     2.50     0.20
7725     2.62     0.23     1.02     1.40     0.35     0.00
7728     4.01     0.14     4.42     0.28     0.44     0.00
7733    15.63     0.26    12.03     0.00     3.13     0.99
7736    32.22     0.36    29.42     1.85     3.92     1.14
7740    34.13     0.34    34.83     0.73     1.68     1.32
7743    15.84     0.28    15.19     0.00     1.08     1.21
7749     4.70     0.14     5.07     0.11     0.22     0.00
7752     4.55     0.13     5.22     0.05     0.12     0.00
7755    15.42     0.30    16.65     0.00     0.40     1.32
7759    34.34     0.39    35.63     0.30     0.72     1.33
7760    64.07     0.80    13.34    50.04     6.61     0.53
7762     6.70     0.38     2.15     4.92     0.70     0.00
7763    51.01     0.75     6.90    47.71     1.98     0.44
7766    35.09     0.57    33.03     4.23     2.07     2.00
7771    63.97     0.65    55.90     5.97     6.81     2.11
7772     8.13     0.27     8.24     0.84     0.79     0.00
7774     7.97     0.22     9.11     0.34     0.34     0.00
7777    60.30     0.57    61.82     2.40     2.56     2.37
7779    39.16     0.59    37.78     1.59     0.72     2.18
7782    36.69     0.59    35.69     0.80     0.28     2.15
7787    53.04     0.54    58.93     1.04     1.13     2.18
7790     7.05     0.32     8.55     0.14     0.20     0.00
7794     5.13     0.17     5.07     0.23     0.43     0.00
7797    36.31     0.41    34.04     1.50     3.23     1.29
7799    37.83     0.47    37.45     0.61     0.94     1.37
7802     5.44     0.17     5.50     0.08     0.16     0.00
7804     5.90     0.21     6.00     0.04     0.08     0.00
7807    39.92     0.53    40.80     0.26     0.41     1.54
7809    70.54     0.71    64.04     4.49     5.88     2.38
7811    10.26     0.33     9.60     0.63     0.73     0.00
7812     8.52     0.29     9.53     0.25     0.26     0.00
7814    67.30     0.74    66.71     1.93     1.69     2.42
7817    63.42     0.74    67.69     0.91     0.65     2.49
7820     9.22     0.32     9.86     0.12     0.13     0.00
