Peter data simc yield (sept 1, 2022): The run shown is the last run number of the rungroup:
==========================================================
Run YData       ErrData  YSidisRad  YExcl   YDelta    YRho
==========================================================
3423   440.02     2.72    85.11   325.81    36.04     6.28
3425   372.02     2.10    78.55   262.60    29.63     5.73
3429    78.53     1.11    22.19    33.08    10.00     0.00
3432   528.85     2.13   142.29   284.63    85.34     5.76
3437   649.47     4.32   614.34    20.96    15.91    23.89
3440   110.76     1.42    93.35     2.72     2.73     0.00
3443   391.99     2.31   344.83    19.00     4.89    24.19
3447   388.84     2.58   352.50    16.61     4.62    25.09
3449   107.44     1.37    95.19     2.62     2.39     0.00
3454   644.84     4.01   630.01    18.06    15.60    25.03
3699   594.47     3.44   659.81     6.36     4.72    25.41
3700    95.81     1.19    98.95     0.83     0.69     0.00
3703   360.91     2.10   365.61     5.44     1.47    25.28
3472   351.27     2.70   361.81     7.10     1.67    26.36
3477   585.45     4.09   653.59     7.64     5.76    25.52
3478    96.16     1.75    98.18     1.08     0.86     0.00
3479    94.78     1.37    89.78     1.13     0.68     0.00
3487   543.04     3.10   604.24     8.33     5.74    23.04
3491    96.23     1.54    90.12     1.15     0.83     0.00
3494   354.61     2.43   335.84     7.77     1.73    23.57
3499   304.69     2.23   291.97     9.32     2.17    21.60
3500    85.95     2.67    77.29     1.47     0.79     0.00
3512   493.38     3.96   521.73     9.92     5.93    20.12
3513    87.62     1.55    77.80     1.45     0.88     0.00
3515    75.90     1.26    63.59     1.48     0.88     0.00
3519   264.58     1.98   239.99    10.31     2.15    16.82
3523   417.63     2.87   424.98    13.68     6.57    16.70
3527   343.30     2.35   331.46    12.58     6.05    12.39
3529    60.24     1.09    48.64     1.42     0.75     0.00
3533   213.75     1.45   184.39    13.06     1.82    12.86
3536   159.12     1.22   137.03    10.92     1.65     9.44
3537    43.98     0.98    35.46     1.39     0.62     0.00
3541   367.81     2.24    89.12   206.11    74.17     3.68
3542    55.70     1.05    14.10    24.22     8.31     0.00
3545   115.25     1.08    37.26     0.00    77.08     3.51
3548    85.03     0.91    33.96     0.00    54.93     3.12
3554    40.69     0.81    12.49    18.22     5.90     0.00
3558   292.96     1.86    79.57   158.21    52.30     3.19
3561   102.87     0.72   367.12    10.56    10.24    14.03
3562    65.95     1.25    55.17     1.44     1.66     0.00
3566   179.29     1.46   162.95     0.00     8.82    14.01
3569   173.97     1.70   168.03     0.00     8.98    15.38
3570    66.56     1.66    57.42     1.46     1.71     0.00
3577   384.36     3.11   376.10    10.06    11.49    14.72
3584   399.53     3.75   417.30     3.07     3.21    16.21
3585    69.46     1.48    62.35     0.40     0.51     0.00
3588   188.57     2.21   190.91     0.00     2.78    16.73
3592   183.86     1.97   189.21     0.00     2.56    15.93
3593    65.91     1.36    63.31     0.41     0.42     0.00
3596   392.68     3.46   409.90     3.29     3.43    15.71
3599   362.98     3.08   379.07     4.27     3.61    14.78
3600    63.44     1.29    57.47     0.42     0.45     0.00
3616   179.23     1.58   174.55     0.00     2.63    14.81
3619   160.44     1.38   152.07     0.00     2.84    12.90
3633    55.93     0.81    49.11     0.53     0.38     0.00
3624   305.41     2.70   329.10     4.98     3.24    12.85
3627   275.66     1.98   268.42     5.63     3.06    10.26
3628    46.95     0.95    39.90     0.74     0.42     0.00
3632   132.80     1.19   122.98     0.00     2.33    10.91
3636   109.98     0.98    95.25     0.00     1.95     8.07
3637    35.71     0.84    30.53     0.61     0.30     0.00
3640   214.85     1.60   208.73     5.69     2.69     7.73
3643   159.98     1.22   151.92     5.63     2.26     5.61
3644    26.43     0.77    22.75     0.58     0.25     0.00
3653    78.99     0.81    70.22     0.00     1.66     5.95
3657    52.95     0.65    49.64     0.00     1.38     4.05
3658    18.89     0.63    15.65     0.41     0.20     0.00
3663   109.95     1.00   108.35     3.86     1.61     4.19
3666   369.71     4.21   395.27     2.34     3.00    15.26
3667    63.00     2.32    60.13     0.34     0.40     0.00
3670   180.99     2.35   180.40     0.00     2.35    15.07
3675   175.31     2.53   160.02     0.00     2.11    13.92
3676    56.40     2.14    53.10     0.22     0.34     0.00
3679   368.20     4.50   348.73     1.64     2.58    13.87
3684   510.98     5.16   545.60     3.50     3.23    20.93
3685    80.47     1.37    83.65     0.47     0.43     0.00
3688   295.55     3.13   300.91     2.69     0.90    22.19
3691   332.80     3.03   345.07     3.96     1.25    23.98
3692    93.08     2.03    92.92     0.68     0.54     0.00
3695   577.14     4.75   619.76     5.06     4.14    23.23
3704    42.95     0.98    35.50     1.22     0.53     0.00
3706   254.82     1.97   242.89    13.99     5.60     9.47
3711   176.65     1.30   172.89    10.25     4.71     6.44
3712    28.78     0.82    25.43     0.81     0.48     0.00
3715   110.14     0.95    96.53     9.85     1.45     6.38
3719    79.62     0.84    78.44     5.91     0.83     5.31
3720    22.26     0.72    20.38     0.85     0.37     0.00
3723   121.47     1.25   140.32     6.17     2.50     4.90
3724    21.67     0.87    20.04     0.58     0.26     0.00
3727   111.49     1.06   101.98     7.06     0.99     6.95
3733    29.30     0.66    26.96     0.82     0.37     0.00
3736   169.88     1.55   183.81     7.31     3.26     6.98
3739   227.83     2.00   243.01     7.75     3.64     9.19
3741    40.57     0.83    35.23     0.91     0.39     0.00
3745   148.41     1.29   134.85     7.44     1.20     9.53
3748    43.76     0.63    43.96     0.00     0.78     3.51
3750    14.25     0.44    13.56     0.20     0.10     0.00
3753    90.70     1.03    93.80     2.32     1.10     3.50
3756   128.43     1.26   124.74     2.96     1.43     4.83
3758    21.61     0.57    18.20     0.28     0.13     0.00
3761    59.21     0.74    58.22     0.00     0.89     4.85
3764    80.47     0.90    76.33     0.00     1.20     6.22
3766    28.75     0.70    23.90     0.36     0.17     0.00
3769   162.62     1.55   162.18     2.88     1.34     6.23
3772   207.45     1.91   206.08     2.78     1.63     7.83
3774    35.93     0.79    29.98     0.33     0.20     0.00
3777   105.79     1.09    95.47     0.00     1.31     7.75
3780   128.14     1.27   117.26     0.00     1.30     9.92
3783    43.22     0.84    37.43     0.24     0.20     0.00
3786   254.97     2.27   251.54     2.96     1.65    10.06
3789   291.70     2.88   299.30     2.06     1.65    11.00
3791    50.62     0.96    44.45     0.30     0.24     0.00
3794   146.06     1.56   139.51     0.00     1.34    11.45
3797   247.33     1.99   247.77     5.16     1.10    16.76
3799    73.00     1.20    65.59     0.66     0.47     0.00
3804   428.91     2.87   444.04     6.75     3.99    17.07
3807   372.27     2.42   371.76     7.33     3.42    14.19
3809    63.77     1.09    55.17     0.76     0.48     0.00
3812   225.64     1.80   208.61     6.17     1.17    14.68
3815   188.87     1.53   169.24     5.73     1.12    11.70
3817    52.95     0.97    44.53     0.89     0.47     0.00
3820   300.83     2.06   302.97     8.95     3.62    11.47
3822   462.69     3.64   502.84     5.47     3.61    20.84
3824    79.16     1.30    75.10     0.61     0.47     0.00
3827   269.59     2.37   281.19     4.22     0.96    19.85
3830   310.04     2.51   308.51     3.43     1.05    21.84
3831    81.37     1.39    83.40     0.61     0.41     0.00
3834   502.88     3.90   557.73     4.60     3.12    20.85
3837   519.77     4.50   585.88     4.14     3.00    22.47
3839    83.68     1.62    86.98     0.56     0.45     0.00
3842   317.49     2.92   322.70     3.78     0.83    23.23
3845   318.87     3.19   326.03     3.21     0.68    22.01
3847    81.83     1.78    88.09     0.42     0.35     0.00
3850   526.95     5.05   582.60     3.78     2.36    22.92
3887   383.95     4.85   395.97     1.49     1.48    15.26
3889    60.73     1.68    59.78     0.21     0.22     0.00
3892   183.75     2.87   183.05     0.00     1.11    15.59
3895   176.91     2.70   180.61     0.00     1.26    14.94
3897    62.90     1.37    58.77     0.20     0.24     0.00
3900   361.33     4.69   392.23     1.62     1.52    15.41
3902   352.45     4.79   371.53     1.86     1.65    14.58
3904    60.74     1.41    56.75     0.19     0.23     0.00
3906   169.48     2.78   174.29     0.00     1.37    14.11
3908   160.62     2.48   158.69     0.00     1.29    13.05
3910    59.22     1.33    51.44     0.21     0.23     0.00
3912   327.98     4.26   343.27     1.64     1.40    13.27
3914    55.74     1.84    50.54     0.21     0.22     0.00
3916   165.00     2.76   157.43     0.00     1.19    13.32
3917   173.27     3.88   169.65     0.00     1.41    14.26
3918    62.34     2.12    55.78     0.20     0.21     0.00
3925   106.69     1.16    32.97    45.74    18.11     1.26
3927    17.31     0.53     5.09     5.31     2.28     0.00
3930    59.04     0.78    17.12    42.26     5.86     1.18
3936    82.84     1.17    75.61     2.08     0.52     4.85
3938    24.16     0.69    20.34     0.30     0.21     0.00
3941   149.78     1.89   136.03     2.61     1.68     4.85
3944   146.58     1.50   133.70     3.24     1.77     4.82
3946    25.22     0.66    19.56     0.36     0.26     0.00
3949    86.84     0.97    73.82     2.83     0.60     4.75
3953    31.59     0.59    33.59     0.00     0.98     2.77
3955    13.74     0.50    11.81     0.18     0.17     0.00
3959    68.13     1.23    76.24     1.73     1.20     2.76
3963    43.23     0.88    15.51    21.81    11.64     0.58
3967     7.98     0.33     3.07     2.88     1.65     0.00
3970    11.66     0.37     5.39     0.00    10.37     0.45
3974    27.40     0.75    29.66     0.00     0.75     2.50
3977    12.48     0.48    12.52     0.16     0.17     0.00
3981    74.28     1.49    75.75     1.18     1.16     2.84
3984    89.95     2.09    92.91     0.52     0.52     3.47
3986    15.03     0.70    14.10     0.06     0.07     0.00
3989    39.88     1.15    39.62     0.00     0.41     3.39
3992    40.33     0.96    40.57     0.00     0.42     3.22
3994    15.44     0.57    13.69     0.07     0.07     0.00
3997    84.50     1.70    91.99     0.64     0.57     3.21
3999    74.36     1.40    82.80     0.93     0.60     2.87
4001    14.14     0.50    11.87     0.11     0.07     0.00
4003    34.64     0.80    37.24     0.00     0.56     2.94
4006    29.78     0.58    29.24     0.00     0.48     2.31
4008    11.05     0.42     9.22     0.12     0.07     0.00
4012    62.25     1.09    64.93     1.28     0.53     2.37
4015    48.53     0.84    45.52     1.19     0.49     1.59
4017     8.65     0.37     6.40     0.14     0.06     0.00
4020    23.29     0.48    20.56     0.00     0.36     1.61
4023    15.34     0.32    13.28     0.00     0.34     1.03
4026     5.80     0.23     4.14     0.09     0.05     0.00
4029    31.66     0.57    29.22     1.15     0.36     1.05
4032    53.08     0.80    47.09     2.38     0.73     1.76
4034     9.02     0.37     6.61     0.20     0.08     0.00
4037    33.11     0.53    26.29     1.74     0.31     1.79
4040    49.88     0.71    40.80     2.39     0.36     2.67
4042    15.03     0.50    10.14     0.23     0.14     0.00
4045    81.87     1.24    72.25     3.06     0.94     2.70
4048   112.33     1.28   104.15     1.85     0.97     3.88
4050    19.97     0.60    14.70     0.26     0.11     0.00
4054    67.17     0.88    58.23     2.05     0.36     3.83
4057    81.86     1.05    74.07     1.74     0.34     4.86
4059    22.86     0.61    19.15     0.21     0.12     0.00
4062   139.28     1.65   132.79     1.71     0.99     4.89
4065   150.73     2.01   150.70     1.40     0.81     5.46
4067    24.39     0.69    21.92     0.13     0.10     0.00
4070    89.88     1.29    83.18     1.06     0.25     5.50
4072    86.25     1.82    81.73     0.75     0.20     5.55
4075    23.32     0.84    22.30     0.11     0.09     0.00
4078   144.27     2.46   151.52     1.02     0.66     5.58
4082   136.77     2.75   149.02     0.72     0.43     5.52
4084    21.00     0.91    21.37     0.08     0.06     0.00
4086    83.00     1.72    82.07     0.65     0.16     5.34
4091    80.79     1.52    81.00     0.70     0.16     5.31
4096    22.04     0.80    21.08     0.09     0.06     0.00
4099   134.81     2.27   147.22     0.85     0.51     5.60
4103   132.66     1.99   134.89     1.06     0.57     4.89
4107    74.97     1.25    75.33     0.97     0.21     4.76
4111    19.84     0.64    19.17     0.11     0.08     0.00
4115    67.65     1.05    64.04     1.12     0.21     4.41
4119   117.68     1.63   115.71     1.45     0.63     4.21
4121    18.83     0.59    16.32     0.15     0.08     0.00
4123    15.44     0.51    12.78     0.19     0.07     0.00
4127    93.72     1.31    90.82     1.89     0.77     3.22
4130    52.88     0.84    51.17     1.64     0.27     3.41
4133    41.21     0.72    37.92     1.95     0.24     2.39
4135    12.22     0.46     9.38     0.19     0.09     0.00
4138    68.99     0.99    67.56     1.95     0.75     2.36
4142    46.54     0.86    47.72     2.21     0.63     1.79
4144     8.62     0.38     6.58     0.22     0.07     0.00
4147    28.72     0.73    26.75     1.70     0.26     1.73
4151    15.23     0.50    13.51     0.00     0.19     1.09
4153     5.55     0.30     4.30     0.11     0.03     0.00
4156    32.45     0.69    30.77     0.99     0.30     1.08
4159    44.71     0.91    43.48     0.91     0.34     1.54
4162     8.14     0.36     6.12     0.09     0.03     0.00
4165    23.68     0.50    20.02     0.00     0.28     1.50
4168    30.83     0.63    27.25     0.00     0.34     2.17
4170    10.64     0.44     8.36     0.11     0.04     0.00
4173    59.67     1.22    58.68     0.80     0.35     2.07
4208    75.16     1.44    74.54     0.67     0.36     2.73
4211    34.11     0.88    34.39     0.00     0.31     2.72
4178    13.58     0.50    10.57     0.07     0.05     0.00
4184    39.31     1.26    41.20     0.00     0.23     3.21
4187    14.47     0.85    13.85     0.04     0.03     0.00
4191    88.15     2.47    91.69     0.29     0.27     3.38
4192    81.38     2.84    86.24     0.37     0.28     3.09
4195    15.51     0.66    13.75     0.04     0.04     0.00
4198    39.27     1.12    42.32     0.00     0.25     3.26
4201    38.68     1.02    40.21     0.00     0.30     3.21
4203    13.66     0.54    12.50     0.06     0.04     0.00
4207    84.52     1.77    87.17     0.43     0.36     3.39
4232    64.66     2.15    61.74     0.86     0.14     3.96
4233    14.97     0.78    15.01     0.10     0.05     0.00
4234    96.65     3.72   103.89     0.84     0.53     3.82
4236    65.23     1.43    60.26     2.26     0.99     2.25
4237    11.14     0.68     8.41     0.20     0.13     0.00
4239    27.79     0.79    35.45     2.06     0.33     2.25
4240    63.59     1.53    61.13     1.55     0.30     3.86
4241    15.78     0.83    14.67     0.23     0.13     0.00
4243   101.73     2.15   103.18     1.68     0.97     3.84
4244    96.36     4.49   113.66     1.13     0.79     4.33
4246    15.04     1.00    15.94     0.13     0.11     0.00
4247    64.74     2.84    66.90     0.96     0.22     4.18
4252    30.10     1.87    31.58     0.00     0.43     2.40
4253     9.29     0.78     9.67     0.05     0.07     0.00
4254    59.31     4.08    67.93     0.54     0.57     2.37
4255    54.92     1.74    61.21     0.64     0.58     2.29
4256     9.00     0.66     8.63     0.09     0.07     0.00
4257    28.64     1.02    28.42     0.00     0.40     2.27
4258    18.26     0.76    16.42     0.00     0.36     1.35
4239    44.02     1.25    35.45     2.06     0.33     2.25
4240    63.59     1.53    61.13     1.55     0.30     3.86
4241    15.78     0.83    14.67     0.23     0.13     0.00
4243   101.73     2.15   103.18     1.68     0.97     3.84
4244    96.36     4.49   113.66     1.13     0.79     4.33
4246    15.04     1.00    15.94     0.13     0.11     0.00
4247    64.74     2.84    66.90     0.96     0.22     4.18
4252    30.10     1.87    31.58     0.00     0.43     2.40
4253     9.29     0.78     9.67     0.05     0.07     0.00
4254    59.31     4.08    67.93     0.54     0.57     2.37
4255    54.92     1.74    61.21     0.64     0.58     2.29
4256     9.00     0.66     8.63     0.09     0.07     0.00
4257    28.64     1.02    28.42     0.00     0.40     2.27
4258    18.26     0.76    16.42     0.00     0.36     1.35
4259     6.72     0.60     5.05     0.08     0.06     0.00
4260    36.98     1.16    35.78     1.01     0.43     1.35
4261    62.42     3.17    65.54     0.33     0.26     2.37
4262    10.98     0.63     9.29     0.03     0.03     0.00
4263    32.65     1.35    31.40     0.00     0.23     2.41
4266    17.19     1.09    17.63     0.00     0.22     1.34
4267     4.67     0.51     5.23     0.03     0.05     0.00
4268    34.06     1.98    36.73     0.21     0.30     1.33
4269    28.11     3.38    34.04     0.73     1.01     1.29
4272     5.70     0.56     4.92     0.09     0.15     0.00
4274    36.76     1.20    38.43     1.40     0.50     2.21
4278   281.95     3.80   287.39     1.80     0.45    20.40
4281   464.32     6.19   518.50     2.16     1.62    20.16
4283    76.97     2.22    77.97     0.30     0.25     0.00
4287   308.54     3.54   311.09     2.56     0.62    21.56
4295   505.23     6.21   565.90     2.86     2.16    23.17
4297    85.87     1.86    83.65     0.34     0.33     0.00
4303   181.60     3.11   177.29     0.00     1.11    14.71
4304    60.64     1.95    58.29     0.15     0.19     0.00
4307   367.26     5.55   382.09     1.26     1.37    14.76
4309   360.83     5.53   350.51     0.93     1.10    13.44
4310    55.91     2.04    53.24     0.13     0.15     0.00
4312   172.90     3.44   164.72     0.00     0.96    14.03
4316    31.08     1.24    34.66     0.96     0.81     1.37
4317     7.47     0.62     8.10     0.23     0.19     0.00
4318    19.52     0.79    18.87     0.76     0.15     1.11
4319    11.91     0.85    13.25     0.16     0.03     0.72
4320     7.35     0.59     8.33     0.08     0.08     0.00
4321     9.53     1.13    10.52     0.08     0.08     0.38
4325    18.51     0.45    17.97     1.76     0.19     1.17
4327     5.03     0.27     4.41     0.21     0.06     0.00
4331    28.70     0.56    32.01     2.11     0.59     1.11
4334    19.94     0.44    21.02     0.76     0.23     0.74
4335     3.29     0.24     2.83     0.07     0.03     0.00
4336     8.68     0.46     8.18     0.00     0.17     0.62
4879   725.31     1.15   178.69   477.56    47.30    12.62
4880   129.95     1.79    47.88    60.90    15.72     0.00
4881    98.80     1.65    35.70    46.04    10.28     0.00
4890   557.38     1.05   134.31   391.82    33.01     9.44
4909   670.81     0.95   146.59   396.17    55.40    10.76
4912   149.09     1.01    41.44    51.64    18.77     0.00
4913   265.22     1.80    57.63   103.42    34.37     0.00
4924  1249.13     1.29   197.89   796.23    98.50    15.21
4937   922.38     2.59   168.00   520.07    78.32    12.90
4942   221.68     1.38    49.53    68.82    28.35     0.00
4947  1260.06     2.52   198.67   802.68    99.13    15.81
4975   110.36     0.33    24.16    64.56     7.49     1.57
4979    22.22     0.56     6.10     8.10     2.33     0.00
4981    23.92     0.53     7.48    10.57     2.94     0.00
4998   138.28     0.39    29.67    87.50     9.42     1.97
5009    81.92     0.30    20.19    49.90     6.24     1.33
5012    15.26     0.45     4.96     6.23     1.92     0.00
5027   142.35     0.29    33.76    74.25    12.47     2.42
5030    32.02     0.44     9.31     9.42     4.29     0.00
5039   141.81     0.52    33.97    73.33    12.28     2.37
5066   302.50     0.45    49.31   184.60    22.63     3.59
5067    62.02     0.59    13.20    22.63     7.70     0.00
5077   302.90     0.65    49.05   183.48    22.50     3.52
5106   199.34     0.39    37.42   107.34    16.54     2.73
5109    47.96     0.46    10.68    14.21     5.68     0.00
5122   198.40     0.54    37.47   108.05    16.38     2.72
5126     4.23     0.17     1.00     1.31     0.47     0.00
5220    20.16     0.08     4.26    11.25     1.51     0.27
5232    31.35     0.14     6.50    19.28     2.38     0.40
5235     5.78     0.15     1.58     2.18     0.74     0.00
5248    16.96     0.09     4.14     9.86     1.59     0.25
5250     3.23     0.12     0.98     1.17     0.45     0.00
5261    31.27     0.14     6.50    19.16     2.40     0.40
5262    12.54     0.32     3.04     8.35     1.26     0.17
5264    15.70     0.43     2.82    10.25     1.06     0.18
5270    30.85     0.21     6.27    19.01     2.38     0.39
5274    16.68     0.15     4.06     9.80     1.55     0.25
5294    19.60     0.12     4.27    11.26     1.52     0.26
5310   291.04     0.58    49.43   184.54    22.43     3.46
5312   135.28     0.67    33.75    74.82    12.58     2.39
5334   198.42     0.42    38.30   109.28    16.67     2.81
5392   158.55     1.20    34.35   105.53     9.56     2.17
5395    28.28     0.60     8.70    12.88     3.15     0.00
5398   223.78     1.16    58.33   115.27    27.95     2.22
5403   199.96     0.98    53.12   105.34    25.05     2.00
5405    25.34     0.61     8.09    11.52     2.89     0.00
5408   140.12     0.91    31.58    95.93     9.06     2.07
5411   132.22     0.99   105.15     7.51     2.97     6.71
5414    30.29     0.64    26.58     1.23     1.51     0.00
5436   208.82     1.18   176.92     9.87    11.02     6.73
5440   206.90     1.48   179.83     7.77     9.77     6.96
5443    30.45     0.55    26.62     1.02     1.45     0.00
5446   132.88     1.10   106.50     6.57     2.93     6.77
5449   117.08     1.26    95.22     4.59     2.53     6.16
5452    27.93     0.60    24.34     0.90     1.29     0.00
5456   185.94     1.85   161.05     5.84     8.37     6.15
5459   191.01     1.23   153.98    10.40    10.35     5.78
5461    26.65     0.57    22.84     1.33     1.57     0.00
5466   118.60     0.92    91.67     8.78     2.97     5.58
5469    98.79     0.74    72.91     8.98     3.18     4.77
5471    21.99     0.49    17.89     1.36     1.42     0.00
5474   158.57     0.99   122.64    10.36    10.26     4.65
5479   148.40     1.98   130.52     4.27     6.98     5.05
5481    22.20     0.66    19.79     0.73     1.06     0.00
5485    92.35     1.34    77.17     3.06     2.24     5.09
5488   101.81     1.66    94.26     1.19     0.33     6.20
5492    22.82     0.82    24.30     0.19     0.20     0.00
5495   156.97     2.35   162.87     1.41     1.15     6.08
5498   180.76     2.31   184.33     1.91     1.44     6.91
5500    27.52     0.63    27.90     0.23     0.23     0.00
5504   117.79     1.43   109.58     1.69     0.41     7.18
5508   125.86     1.42   117.21     2.11     0.52     7.58
5510    27.90     0.69    29.70     0.31     0.27     0.00
5514   193.89     2.38   197.13     2.22     1.64     7.79
5517   192.25     2.17   195.76     2.72     1.94     7.45
5519    29.09     0.67    29.32     0.37     0.32     0.00
5522   125.36     1.31   115.94     2.29     0.62     7.62
5527   119.95     1.09   108.36     2.80     0.67     6.93
5529    25.55     0.63    26.93     0.36     0.32     0.00
5532   187.34     1.51   181.91     2.74     2.20     6.97
5535   163.01     1.65   157.74     3.67     2.33     5.74
5537    24.48     0.62    23.35     0.43     0.32     0.00
5540   109.11     0.92    94.11     3.48     0.67     6.03
5544    91.94     0.86    75.81     3.78     0.64     4.67
5547    19.30     0.48    18.60     0.45     0.27     0.00
5550   136.34     0.98   127.97     3.72     2.27     4.80
5553   106.38     0.84    96.32     4.11     1.90     3.52
5555    15.39     0.43    13.95     0.40     0.27     0.00
5558    70.06     0.65    57.43     3.25     0.58     3.56
5563    50.27     0.54    41.77     2.96     0.54     2.64
5565    11.17     0.38    10.00     0.40     0.19     0.00
5568    76.31     0.76    69.22     3.52     1.64     2.60
5571    49.16     0.62    47.38     2.67     1.23     1.76
5576     7.22     0.31     6.74     0.33     0.15     0.00
5579    32.02     0.47    28.01     2.54     0.38     1.75
5583    18.44     0.38    17.81     2.11     0.31     1.13
5585     4.65     0.23     4.34     0.26     0.10     0.00
5588    29.86     0.47    30.01     2.30     0.95     1.13
5591   126.24     2.87   129.37     0.86     0.81     5.03
5594    18.63     0.96    19.58     0.13     0.15     0.00
5597    81.60     1.86    76.30     0.72     0.26     5.00
5602   389.79     3.03   363.97     6.91     1.91    26.06
5604   101.62     1.27    99.10     0.99     0.85     0.00
5607   655.43     3.92   657.27     7.51     6.10    25.69
5612   387.22     2.89   374.65     5.83     1.69    26.27
5614   102.79     1.37   100.88     0.96     0.76     0.00
5617   663.69     4.51   667.48     6.62     4.87    25.05
5620    98.42     0.89    29.96    48.26    16.93     1.18
5622    12.76     0.43     4.73     5.47     1.89     0.00
5625    27.34     0.44    11.97     0.00    16.91     1.13
5630    21.20     0.39    10.76     0.00    12.15     0.98
5633    10.15     0.42     4.18     4.24     1.37     0.00
5636    77.14     0.78    27.31    35.97    12.39     1.05
5637     9.89     0.91     3.68     3.41     1.25     0.00
5644    46.16     0.55    42.29     0.00     4.09     3.62
5647    15.13     0.49    14.55     0.43     0.82     0.00
5650   103.67     1.03    96.98     3.54     5.23     3.68
5653   107.79     1.25    98.48     2.99     5.82     3.74
5655    15.37     0.50    14.98     0.41     0.84     0.00
5658    47.62     0.71    42.99     0.00     4.61     3.85
5660    37.12     1.18    28.89     0.00     3.84     2.55
5667    11.52     0.49    11.12     0.35     0.75     0.00
5670    83.40     1.69    71.45     1.88     5.38     2.75
5674   100.03     1.31    89.09     2.50     5.83     3.56
5676    15.75     0.52    13.56     0.38     0.87     0.00
5680    44.26     0.75    38.45     0.00     4.78     3.23
5684    39.82     0.57    36.01     0.00     3.51     3.10
5686    12.34     0.41    12.72     0.43     0.73     0.00
5689    89.43     0.88    83.39     3.35     4.88     3.23
5693    67.82     0.75    66.14     2.65     4.56     2.48
5696     9.77     0.37     9.91     0.39     0.64     0.00
5701    31.26     0.49    28.59     0.00     3.61     2.42
5705    48.80     0.66    43.11     0.00     0.82     3.48
5707    13.67     0.45    13.92     0.12     0.15     0.00
5711    95.05     1.11    94.70     1.10     1.09     3.52
5716   108.29     1.24   108.78     1.04     1.13     4.10
5718    16.85     0.54    16.26     0.12     0.17     0.00
5722    54.09     0.72    49.72     0.00     0.77     4.03
5727    58.91     0.85    54.50     0.00     0.81     4.58
5729    16.75     0.54    17.62     0.12     0.16     0.00
5732   115.26     1.44   118.76     0.95     1.14     4.46
5736   119.99     1.65   119.50     0.93     1.09     4.72
5738    17.70     0.57    18.18     0.12     0.16     0.00
5741    57.44     1.00    54.71     0.00     0.80     4.52
5745    55.11     1.13    50.07     0.00     0.79     4.12
5747    16.59     0.69    17.03     0.10     0.15     0.00
5750   114.00     1.94   111.52     0.77     1.03     4.19
5754   105.89     1.84    97.89     0.59     0.84     3.64
5757    52.11     1.26    43.86     0.00     0.62     3.89
5758    15.62     0.64    15.00     0.08     0.14     0.00
5759    14.25     0.91    11.88     0.06     0.11     0.00
5762    87.75     2.56    78.15     0.41     0.67     3.09
5768    42.69     1.51    36.07     0.00     0.54     2.87
5774    37.77     0.57    35.19     0.00     0.75     2.80
5785    80.72     0.88    76.02     1.17     1.03     2.90
5787    10.79     0.41    11.26     0.12     0.13     0.00
5789     8.70     0.37     8.47     0.12     0.13     0.00
5792    59.27     0.75    57.76     1.29     0.85     2.12
5795    28.56     0.49    26.37     0.00     0.73     2.20
5800    20.15     0.42    18.90     0.00     0.58     1.55
5802     6.50     0.32     5.92     0.09     0.12     0.00
5805    42.36     0.61    41.64     0.98     0.73     1.56
5808    28.00     0.48    28.09     0.79     0.69     1.04
5810     4.82     0.25     4.06     0.10     0.08     0.00
5813    11.87     0.39    11.80     0.00     0.41     0.94
5816     7.78     0.25     7.65     0.00     0.39     0.60
5819     2.76     0.20     2.59     0.07     0.07     0.00
5822    17.64     0.38    17.92     0.56     0.55     0.67
5828   194.88     1.64   189.69     0.00     3.05    16.39
5832   420.26     3.36   414.87     3.91     3.54    16.58
5834    65.19     1.10    63.09     0.46     0.48     0.00
5837    67.08     1.23    63.33     0.42     0.46     0.00
5841   428.33     4.09   415.50     3.27     3.45    16.84
5844   195.88     2.38   191.58     0.00     2.69    16.88
5849   170.38     2.91   139.48     0.00     1.88    12.00
5851    56.45     1.95    46.87     0.20     0.33     0.00
5854   358.56     5.56   302.55     1.61     2.32    12.19
5857   484.29     6.08   478.88     2.51     2.62    18.56
5859    77.24     2.00    72.49     0.39     0.44     0.00
5865   277.04     3.82   263.82     2.13     0.82    18.38
5869    85.62     1.66    73.79     0.63     0.16     4.82
5873   150.63     2.65   134.82     0.72     0.59     4.78
5875    22.43     0.93    19.86     0.09     0.08     0.00
5877    25.25     0.81    21.43     0.10     0.09     0.00
5880   160.70     2.35   144.65     0.94     0.59     5.37
5882    93.43     1.81    76.50     0.67     0.21     5.14
5890    95.58     1.21    79.91     1.11     0.26     5.35
5894    27.08     0.88    20.99     0.15     0.13     0.00
5899   158.84     2.04   141.32     1.41     0.85     5.17
5903   151.78     1.63   125.78     1.85     0.98     4.62
5905    23.01     0.61    18.23     0.19     0.10     0.00
5907    87.22     1.01    70.52     1.43     0.30     4.67
5910    38.99     0.70    35.77     0.00     0.53     2.73
5913    13.12     0.47    11.28     0.13     0.08     0.00
5916    86.82     1.28    78.24     0.94     0.59     2.88
5919    91.57     1.60    87.75     0.73     0.54     3.13
5921    15.12     0.56    13.03     0.08     0.06     0.00
5924    42.97     0.94    38.29     0.00     0.38     3.14
5926    41.25     1.04    39.03     0.00     0.36     3.29
5928    93.25     1.95    88.40     0.50     0.55     3.14
5930    15.60     1.06    13.44     0.06     0.08     0.00
5932    14.46     0.76    12.50     0.06     0.06     0.00
5935    87.16     2.13    78.53     0.37     0.43     2.73
5938    39.41     1.20    33.83     0.00     0.29     2.86
5941    54.54     1.32    52.94     0.00     0.32     4.25
5944    16.93     0.72    16.85     0.05     0.07     0.00
5948   112.94     2.43   111.91     0.35     0.41     4.20
5951   114.81     1.98   113.18     0.39     0.46     4.34
5952    16.77     0.83    16.83     0.05     0.08     0.00
5965    53.10     1.23    52.50     0.00     0.29     4.27
5966    18.76     0.87    16.97     0.05     0.08     0.00
5971    50.56     0.91    49.52     0.00     0.38     4.04
5974   104.94     1.57   104.07     0.41     0.58     3.87
5976    15.87     0.53    15.42     0.05     0.09     0.00
5978    23.00     0.62    23.66     0.18     0.14     0.00
5982   100.64     1.10    95.94     1.26     0.31     6.20
5987   152.94     2.00   161.89     1.35     1.09     6.11
5991   162.32     2.04   179.41     1.36     0.96     6.68
5996   105.39     1.42   104.89     1.21     0.26     6.67
5998    24.41     0.70    26.54     0.18     0.15     0.00
6000    26.27     0.83    26.10     0.14     0.12     0.00
6005   162.44     2.53   175.18     1.16     0.68     6.59
6008   106.24     1.76   102.62     0.91     0.20     6.74
6554     9.52     0.58     8.18     0.06     0.07     0.00
6555    63.21     1.22    56.48     0.43     0.54     2.15
6556    30.03     0.77    26.69     0.00     0.36     2.09
6557    62.15     1.25    52.18     1.39     0.30     3.29
6558    97.15     1.91    88.61     1.70     1.00     3.21
6559    15.86     0.96    12.71     0.25     0.11     0.00
6021   282.20     1.43   218.44    11.04    12.38     8.22
6022    43.37     0.86    32.58     1.20     1.97     0.00
6025   173.42     1.28   124.18    10.33     3.47     8.17
6026    43.72     0.81    32.56     1.52     2.07     0.00
6028    42.97     0.61    35.89     0.66     0.55     0.00
6032   273.10     2.04   240.97     5.22     3.82     9.14
6036   167.98     1.18   137.49     4.95     1.18     9.50
6042   159.24     0.97   143.03     2.35     0.57     9.68
6045   254.17     2.49   247.65     2.54     1.87     9.46
6046    41.41     0.76    36.53     0.27     0.27     0.00
6055   250.84     1.79   260.16     1.67     1.00     9.64
6058    37.79     0.45    38.53     0.18     0.13     0.00
6064   151.08     1.00   148.67     1.39     0.31    10.06
6066    65.76     0.60    56.00     0.00     6.65     4.84
6067    21.55     0.48    18.69     0.65     1.19     0.00
6071   136.44     1.35   124.61     5.57     8.05     4.80
6081   142.46     1.47   142.02     2.59     2.46     5.12
6080    23.36     0.48    21.22     0.34     0.37     0.00
6083    68.89     0.68    64.00     0.00     2.07     5.46
6086    71.88     0.73    69.85     0.00     0.96     5.85
6087    23.73     0.47    22.25     0.16     0.17     0.00
6090   150.57     1.61   151.30     1.36     1.21     5.64
6096   165.18     1.96   165.43     0.67     0.64     6.19
6098    26.47     0.58    24.67     0.08     0.08     0.00
6103    79.67     0.90    77.69     0.00     0.52     6.65
6106    89.09     0.83    65.09     0.00    22.31     5.88
6110    25.73     0.53    23.02     2.23     3.14     0.00
6112   184.60     1.95   147.26    11.45    22.49     5.64
6116   195.56     1.90   183.34     5.18     9.24     7.56
6118    94.36     0.98    81.83     0.00     7.61     7.05
6120    27.97     0.60    28.16     0.69     1.42     0.00
6121    61.99     1.79    56.69     0.00     3.69     4.91
6126    97.90     0.90    91.09     0.00     2.28     7.92
6125   196.63     1.72   196.46     2.17     3.25     8.15
6128    30.12     0.58    29.49     0.29     0.56     0.00
6135    28.19     0.61    28.98     0.12     0.25     0.00
6138   181.53     1.86   191.96     0.93     1.37     7.23
6141    89.08     0.93    92.03     0.00     0.91     7.52
6144   222.51     1.61   168.00    33.38    15.34    11.12
6146   361.88     3.24   278.68    40.04    44.93    10.91
6166   219.92     2.13   164.32    29.16    14.58    10.73
6169    55.06     0.97    42.62     6.02     5.70     0.00
6171   349.12     2.75   326.03    14.44    17.16    12.57
6172    50.29     1.21    49.17     1.81     2.76     0.00
6175   226.15     2.02   193.49    11.03     5.19    12.29
6178   207.24     2.40   189.82     5.47     1.52    13.14
6180   328.00     2.83   326.53     6.68     5.60    12.54
6182    45.98     0.97    49.44     0.86     1.00     0.00
6184    39.70     0.87    44.17     0.40     0.49     0.00
6187   285.03     2.59   295.99     3.03     2.68    11.55
6190   180.73     1.95   173.11     2.60     0.70    11.87
6193   114.20     0.98    79.77     7.59     4.37     5.12
6195   184.24     1.51   134.91    10.46    14.11     5.10
6196    26.34     0.55    19.80     1.46     2.03     0.00
6197    25.81     0.57    21.69     0.57     0.60     0.00
6199   175.54     1.54   146.63     4.09     3.32     5.39
6201   115.59     0.94    88.30     4.04     1.01     5.78
6204   111.05     0.84    95.85     2.00     0.48     5.94
6210   170.22     1.29   160.46     2.40     1.45     6.02
6212    25.08     0.39    23.45     0.26     0.23     0.00
6214    22.49     0.46    22.27     0.15     0.11     0.00
6220   151.25     1.29   152.39     1.06     0.72     5.86
6225    98.35     0.85    89.99     0.92     0.21     5.67
6241    41.80     0.40    32.46     0.00     7.35     2.83
6244    12.05     0.26    11.01     0.57     1.13     0.00
6247    84.70     0.83    73.00     3.45     8.16     2.72
6250    89.63     0.93    83.23     1.78     2.18     3.12
6252    12.71     0.29    12.40     0.22     0.36     0.00
6255    41.41     0.42    37.70     0.00     1.73     3.18
6260    50.22     0.43    44.37     0.00     0.67     3.63
6262    14.22     0.27    14.05     0.11     0.13     0.00
6267   100.46     0.87    94.88     0.88     0.91     3.59
6273    99.30     0.95    95.94     0.39     0.43     3.66
6276    14.87     0.35    13.97     0.05     0.06     0.00
6284    50.56     0.48    45.63     0.00     0.29     3.62
6287    41.34     0.38    26.98     0.00    11.35     2.35
6289    10.45     0.20     9.39     1.26     1.40     0.00
6291    81.52     0.78    61.42     8.78    11.12     2.49
6293    85.11     0.91    77.22     2.27     5.88     3.09
6296    11.28     0.22    11.76     0.39     0.77     0.00
6299    43.95     0.42    35.29     0.00     5.16     3.05
6302    41.98     0.39    39.72     0.00     1.66     3.28
6304    12.15     0.37    12.40     0.14     0.38     0.00
6308    86.07     0.80    84.50     1.03     2.33     3.17
6310   174.25     1.36   118.12    30.59    21.85     4.50
6312    21.93     0.49    18.01     3.82     2.62     0.00
6314   108.66     0.92    73.51    26.90     7.71     4.57
6316   100.50     0.93    89.01     6.46     3.60     5.43
6318    20.55     0.38    21.33     1.21     1.36     0.00
6323   155.20     1.42   142.45     7.61    10.81     5.38
6327   140.13     1.17   142.70     3.64     3.93     5.55
6329    19.43     0.39    21.33     0.51     0.62     0.00
6332    96.58     0.78    88.65     2.96     1.14     5.36
6338    84.01     0.65    77.59     1.35     0.49     4.88
6344   118.66     1.01   127.44     1.61     1.80     4.85
6346    16.30     0.86    18.71     0.20     0.38     0.00
6350    84.84     0.95    80.87     0.44     1.04     3.03
6354    12.24     0.24    11.85     0.06     0.20     0.00
6358    38.41     0.42    39.70     0.00     0.65     3.13
6360    70.49     0.63    50.11    10.15    10.33     1.90
6365     8.80     0.24     7.64     1.33     1.16     0.00
6370    74.69     0.74    66.11     3.03     6.72     2.54
6372    10.27     0.25    10.01     0.49     0.84     0.00
6374     9.98     0.26    10.67     0.20     0.53     0.00
6377    73.79     0.76    71.69     1.27     3.82     2.79
6381    74.44     0.78    68.45     0.53     2.07     2.61
6383     9.77     0.27    10.16     0.09     0.33     0.00
6386    19.45     0.44    14.79     4.26     2.34     0.00
6388   158.29     0.94    97.69    37.60    20.83     3.88
6389    19.52     0.58    14.79     4.21     2.35     0.00
6391    18.47     0.46    18.24     1.46     1.50     0.00
6395   134.15     1.18   120.78    10.58    12.46     4.76
6398   152.70     1.32    96.46    34.95    20.93     3.69
6404   117.44     1.01   123.07     4.33     6.20     4.71
6406    16.01     0.41    18.13     0.64     0.85     0.00
6408    14.70     0.40    15.60     0.24     0.57     0.00
6417   102.04     0.90   105.59     1.83     3.68     4.03
6422   158.94     0.93   112.53    12.69    15.44     4.17
6426    21.73     0.46    16.57     1.85     1.97     0.00
6428    19.90     0.44    17.92     0.54     0.68     0.00
6433   139.54     0.86   121.29     4.36     4.58     4.72
6436   135.24     1.11   132.58     1.97     1.60     5.07
6440    18.42     0.47    19.47     0.26     0.27     0.00
6442    17.26     0.46    17.76     0.14     0.13     0.00
6448   117.44     1.00   121.77     1.02     0.73     4.61
6453    71.01     0.54    59.83     4.15     8.82     2.26
6455     9.05     0.23     8.92     0.65     1.09     0.00
6456    10.11     0.33     9.95     0.19     0.38     0.00
6464    73.33     0.52    68.20     1.56     2.69     2.65
6467    80.87     0.75    78.18     0.69     1.05     2.93
6470    11.44     0.30    11.42     0.10     0.16     0.00
6472    11.52     0.33    11.26     0.04     0.07     0.00
6479    79.59     0.76    76.92     0.30     0.44     2.91
6486   177.33     1.58   125.62    18.99    22.49     4.87
6487    22.52     0.67    19.21     2.57     2.73     0.00
6488    24.51     0.77    24.19     0.79     1.60     0.00
6489   177.24     2.01   156.65     5.18    11.98     6.46
6493   180.95     1.73   171.25     2.03     4.63     6.72
6494    23.85     0.71    25.74     0.33     0.84     0.00
6495    23.87     0.72    24.49     0.13     0.40     0.00
6499   171.00     1.57   162.70     1.01     2.01     6.37
6501   337.18     2.57   237.54    58.86    46.55     9.30
6502    46.28     0.86    36.45     7.38     5.29     0.00
6503    42.25     1.05    43.65     2.69     3.20     0.00
6507   306.77     2.07   287.09    15.38    23.86    11.31
6510   278.27     2.48   283.00     7.06     8.65    11.04
6512    38.61     1.07    42.94     1.09     1.44     0.00
6513    34.68     1.10    37.56     0.46     0.82     0.00
6517   244.59     2.15   249.04     3.19     4.15     9.91
6520    94.62     1.30    68.23     5.24     7.19     2.61
6521    13.85     0.39    10.79     1.07     1.09     0.00
6523     6.33     0.19     5.79     0.36     0.63     0.00
6526    44.93     0.42    39.39     2.11     5.23     1.49
6529    47.20     0.47    45.10     0.90     1.43     1.72
6532     6.42     0.20     6.59     0.13     0.20     0.00
6534    12.80     0.36    11.76     0.36     0.33     0.00
6536    97.98     0.81    80.82     2.63     2.12     3.04
6537   349.44     2.89   253.45    17.16    26.11    10.26
6538    50.64     1.25    38.77     2.80     3.80     0.00
6539    47.67     1.27    41.38     0.96     1.12     0.00
6541   321.44     2.97   275.10     9.02     6.86    10.28
6543   315.83     2.53   305.10     4.25     3.12    12.30
6544    46.17     1.15    45.58     0.54     0.47     0.00
6545   172.95     1.68   142.06     7.39    14.98     5.39
6546    24.64     0.74    21.60     1.12     2.12     0.00
6547    26.77     0.77    24.25     0.44     0.66     0.00
6549   176.03     1.80   159.14     3.26     4.03     6.14
6551   195.86     1.82   184.27     1.82     1.95     6.94
6552    28.97     0.76    27.22     0.22     0.24     0.00
7597    30.21     0.26    21.73     5.28     4.99     0.80
7604     3.75     0.12     3.23     0.66     0.55     0.00
7607     3.64     0.12     4.19     0.24     0.37     0.00
7610    29.96     0.30    28.21     1.59     3.23     1.07
7616    30.78     0.26    31.21     0.67     1.98     1.18
7619     3.97     0.11     4.52     0.10     0.25     0.00
7623     4.05     0.12     4.32     0.04     0.17     0.00
7634    30.86     0.26    29.65     0.29     1.27     1.10
7637    64.64     0.61    42.20    17.63     9.99     1.60
7639     7.75     0.25     6.29     2.13     0.99     0.00
7641     7.17     0.23     7.68     0.78     0.61     0.00
7645    55.25     0.50    52.53     5.59     5.75     1.96
7652    48.75     0.37    53.36     2.35     3.07     2.02
7655     6.48     0.18     7.73     0.32     0.38     0.00
7660     5.84     0.15     6.70     0.12     0.30     0.00
7670    41.62     0.45    46.05     0.92     2.07     1.73
7672    37.91     0.44    37.07     0.84     1.15     1.35
7674     5.26     0.18     5.32     0.10     0.17     0.00
7677     5.86     0.15     5.67     0.05     0.06     0.00
7682    41.14     0.42    39.39     0.35     0.41     1.49
7692    41.60     0.45    41.72     0.17     0.21     1.54
7695     5.97     0.16     5.91     0.02     0.03     0.00
7698     9.87     0.28     9.54     0.26     0.27     0.00
7703    71.09     0.66    66.26     2.40     1.76     2.39
7710    69.09     0.62    67.65     1.10     0.72     2.51
7712     9.92     0.45     9.54     0.13     0.10     0.00
7715     8.79     0.29     9.52     0.06     0.05     0.00
7722    62.88     0.63    67.02     0.52     0.33     2.42
7723     2.19     0.15     1.32     0.00     1.92     0.11
7724    15.82     0.42     5.15    10.10     2.50     0.20
7725     2.62     0.23     1.02     1.40     0.35     0.00
7728     4.01     0.14     4.42     0.28     0.44     0.00
7733    15.63     0.26    12.03     0.00     3.13     0.99
7736    32.22     0.36    29.42     1.85     3.92     1.14
7740    34.13     0.34    34.83     0.73     1.68     1.32
7743    15.84     0.28    15.19     0.00     1.08     1.21
7749     4.70     0.14     5.07     0.11     0.22     0.00
7752     4.55     0.13     5.22     0.05     0.12     0.00
7755    15.42     0.30    16.65     0.00     0.40     1.32
7759    34.34     0.39    35.63     0.30     0.72     1.33
7760    64.07     0.80    13.34    50.04     6.61     0.53
7762     6.70     0.38     2.15     4.92     0.70     0.00
7763    51.01     0.75     6.90    47.71     1.98     0.44
7766    35.09     0.57    33.03     4.23     2.07     2.00
7771    63.97     0.65    55.90     5.97     6.81     2.11
7772     8.13     0.27     8.24     0.84     0.79     0.00
7774     7.97     0.22     9.11     0.34     0.34     0.00
7777    60.30     0.57    61.82     2.40     2.56     2.37
7779    39.16     0.59    37.78     1.59     0.72     2.18
7782    36.69     0.59    35.69     0.80     0.28     2.15
7787    53.04     0.54    58.93     1.04     1.13     2.18
7790     7.05     0.32     8.55     0.14     0.20     0.00
7794     5.13     0.17     5.07     0.23     0.43     0.00
7797    36.31     0.41    34.04     1.50     3.23     1.29
7799    37.83     0.47    37.45     0.61     0.94     1.37
7802     5.44     0.17     5.50     0.08     0.16     0.00
7804     5.90     0.21     6.00     0.04     0.08     0.00
7807    39.92     0.53    40.80     0.26     0.41     1.54
7809    70.54     0.71    64.04     4.49     5.88     2.38
7811    10.26     0.33     9.60     0.63     0.73     0.00
7812     8.52     0.29     9.53     0.25     0.26     0.00
7814    67.30     0.74    66.71     1.93     1.69     2.42
7817    63.42     0.74    67.69     0.91     0.65     2.49
7820     9.22     0.32     9.86     0.12     0.13     0.00
7877    44.50     0.20     9.91    32.05     3.29     0.62
7881     6.95     0.37     1.89     2.49     0.65     0.00
7887    33.54     0.16     8.45    22.64     2.69     0.50
7888     4.78     0.27     1.94     2.59     0.64     0.00
7896     7.02     0.08     1.73     3.57     0.76     0.11
7898     1.27     0.11     0.41     0.40     0.22     0.00
7908     7.11     0.07     1.76     3.60     0.77     0.10
7921    10.92     0.13     1.99     6.01     0.99     0.12
7924     1.85     0.10     0.51     0.66     0.29     0.00
7938    11.09     0.10     2.12     6.05     1.04     0.13
7989    23.16     0.13     4.81    14.48     1.78     0.28
7993     3.77     0.18     1.09     1.57     0.48     0.00
8002    23.32     0.14     4.76    14.31     1.75     0.28
8016    14.59     0.08     3.52     8.49     1.28     0.21
8017     2.40     0.14     0.79     1.00     0.35     0.00
8037    14.50     0.07     3.54     8.49     1.29     0.21
8084    34.84     0.09     6.00    19.25     2.77     0.39
8087     6.65     0.13     1.51     2.20     0.89     0.00
8110    34.71     0.11     5.96    19.38     2.81     0.40
8160    18.02     0.05     4.39     8.64     1.76     0.29
8164     3.84     0.10     1.09     1.05     0.56     0.00
8185    18.59     0.07     4.40     8.62     1.77     0.29
8207     0.99     0.02     0.22     0.55     0.10     0.01
8211     0.15     0.02     0.04     0.04     0.02     0.00
8246     0.99     0.01     0.23     0.56     0.10     0.01
8313     1.45     0.02     0.31     0.85     0.13     0.01
8317     0.20     0.02     0.05     0.07     0.03     0.00
8356     1.40     0.02     0.28     0.84     0.12     0.01
