runGrou	mom 	Q2	   x      	z	    	pt      	pt2
70     4.42   4.00    0.35    0.70		0.17   0.03
80     3.79   4.00    0.35    0.60		0.14   0.03
90     3.17   4.00    0.35    0.50		0.12   0.02
100    2.53   4.00    0.35    0.40		0.10   0.01
110    3.34   3.90    0.45    0.70		0.18   0.04
120    2.87   3.90    0.45    0.60		0.16   0.03
130    2.40   3.90    0.45    0.50		0.13   0.02
140    1.92   3.90    0.45    0.40		0.11   0.01
150    4.08   4.75    0.45    0.70		0.17   0.04
160    3.50   4.75    0.45    0.60		0.15   0.03
170    2.92   4.75    0.45    0.50		0.12   0.02
180    2.34   4.75    0.45    0.40		0.10   0.01
190    3.32   4.75    0.55    0.70		0.18   0.04
200    2.87   4.75    0.55    0.60		0.16   0.03
210    2.40   4.75    0.55    0.50		0.13   0.02
220    1.92   4.75    0.55    0.40		0.11   0.01
230    3.04   4.75    0.60    0.70		0.18   0.04
240    2.63   4.75    0.60    0.60		0.16   0.03
250    2.20   4.75    0.60    0.50		0.14   0.02
260    1.76   4.75    0.60    0.40		0.11   0.01
270    3.86   5.00    0.50    0.70		0.17   0.04
280    3.32   5.00    0.50    0.60		0.15   0.03
290    2.77   5.00    0.50    0.50		0.13   0.02
300    2.21   5.00    0.50    0.40		0.10   0.01
320    3.06   4.00    0.50    0.70		0.18   0.04
330    2.64   4.00    0.50    0.60		0.16   0.03
340    2.20   4.00    0.50    0.50		0.14   0.02
350    1.76   4.00    0.50    0.40		0.11   0.01
360    4.25   5.50    0.50    0.70		0.17   0.04
370    3.65   5.50    0.50    0.60		0.15   0.03
380    3.87   4.00    0.40    0.70		0.17   0.04
390    3.32   4.00    0.40    0.60		0.15   0.03
400    2.77   4.00    0.40    0.50		0.13   0.02
420    3.22   5.40    0.60    0.70		0.17   0.04
430    2.79   5.40    0.60    0.60		0.15   0.03
440    2.33   5.40    0.60    0.50		0.13   0.02
450    1.87   5.40    0.60    0.40		0.10   0.01
460    3.65   5.50    0.50    0.60		0.14   0.02
470    3.05   5.50    0.50    0.50		0.12   0.02
480    2.43   5.50    0.50    0.40		0.10   0.01
500    3.32   5.50    0.60    0.65		0.16   0.03
510    2.82   5.50    0.60    0.55		0.13   0.02
520    2.31   5.50    0.60    0.45		0.11   0.02
530    3.59   5.50    0.55    0.65		0.15   0.03
540    3.04   5.50    0.55    0.55		0.13   0.02
550    2.49   5.50    0.55    0.45		0.11   0.02
590    4.65   4.50    0.45    0.85		0.24   0.07
600    3.56   4.50    0.45    0.65		0.18   0.04
610    3.56   4.50    0.45    0.65		0.16   0.03
620    3.56   4.50    0.45    0.65		0.21   0.05
630    3.56   4.50    0.45    0.65		0.27   0.08
640    3.56   4.50    0.45    0.65		0.37   0.15
650    3.56   4.50    0.45    0.65		0.31   0.11
660    2.68   4.50    0.45    0.50		0.23   0.06
670    2.68   4.50    0.45    0.50		0.16   0.03
680    2.68   4.50    0.45    0.50		0.12   0.02
690    2.68   4.50    0.45    0.50		0.14   0.02
700    2.68   4.50    0.45    0.50		0.20   0.05
720    2.68   4.50    0.45    0.50		0.37   0.14
730    2.67   4.50    0.45    0.50		0.45   0.21
740    2.67   4.50    0.45    0.50		0.54   0.30
750    2.67   4.50    0.45    0.50		0.63   0.41
760    2.67   4.50    0.45    0.50		0.72   0.53
770    2.68   4.50    0.45    0.50		0.32   0.11
850    2.63   3.10    0.30    0.50		0.28   0.08
860    3.53   4.10    0.30    0.50		0.15   0.03
870    3.53   4.10    0.30    0.50		0.12   0.02
880    3.53   4.10    0.30    0.50		0.15   0.03
890    3.53   4.10    0.30    0.50		0.25   0.07
900    2.09   4.50    0.45    0.40		0.11   0.01
910    2.09   4.50    0.45    0.40		0.11   0.02
