
70	4.0	4.4	0.35	0.72	0.17	0.03
80	4.0	3.8	0.35	0.62	0.14	0.03
90	4.0	3.2	0.35	0.52	0.12	0.02
100	4.0	2.5	0.35	0.41	0.1	0.01
110	3.9	3.3	0.45	0.71	0.18	0.04
120	3.9	2.9	0.45	0.61	0.16	0.03
130	3.9	2.4	0.45	0.51	0.13	0.02
140	3.9	1.9	0.45	0.41	0.11	0.01
150	4.8	4.1	0.45	0.72	0.17	0.04
160	4.8	3.5	0.45	0.62	0.15	0.03
170	4.8	2.9	0.45	0.52	0.12	0.02
180	4.8	2.3	0.45	0.41	0.1	0.01
190	4.7	3.3	0.53	0.7	0.18	0.04
200	4.7	2.9	0.54	0.61	0.16	0.03
210	4.8	2.4	0.54	0.51	0.13	0.02
220	4.7	1.9	0.54	0.41	0.11	0.01
230	4.6	3.0	0.56	0.69	0.18	0.04
240	4.7	2.6	0.57	0.6	0.16	0.03
250	4.7	2.2	0.58	0.51	0.14	0.02
260	4.7	1.8	0.58	0.41	0.11	0.02
270	5.0	3.9	0.49	0.72	0.17	0.04
280	5.0	3.3	0.5	0.62	0.15	0.03
290	5.0	2.8	0.5	0.52	0.13	0.02
300	5.0	2.2	0.5	0.41	0.1	0.01
320	3.9	3.1	0.48	0.7	0.18	0.04
330	4.0	2.6	0.49	0.61	0.16	0.03
340	4.0	2.2	0.49	0.51	0.14	0.02
350	4.0	1.8	0.49	0.41	0.11	0.02
360	5.5	4.3	0.5	0.72	0.17	0.04
370	5.5	3.7	0.5	0.62	0.15	0.03
380	4.0	3.9	0.4	0.72	0.17	0.04
390	4.0	3.3	0.4	0.62	0.15	0.03
400	4.0	2.8	0.4	0.52	0.13	0.02
420	5.3	3.2	0.6	0.69	0.17	0.04
430	5.4	2.8	0.62	0.61	0.15	0.03
440	5.4	2.3	0.63	0.51	0.13	0.02
450	5.4	1.9	0.63	0.41	0.1	0.01
460	5.5	3.7	0.5	0.62	0.14	0.02
470	5.5	3.0	0.5	0.52	0.12	0.02
480	5.5	2.4	0.5	0.42	0.1	0.01
500	5.5	3.3	0.59	0.66	0.16	0.03
510	5.6	2.8	0.59	0.57	0.13	0.02
520	5.5	2.3	0.59	0.46	0.11	0.02
530	5.5	3.6	0.55	0.67	0.15	0.03
540	5.5	3.0	0.55	0.57	0.13	0.02
550	5.5	2.5	0.55	0.47	0.11	0.02
590	4.4	4.7	0.42	0.84	0.24	0.07
600	4.5	3.6	0.44	0.66	0.18	0.04
610	4.5	3.6	0.44	0.66	0.16	0.03
620	4.5	3.6	0.44	0.66	0.21	0.05
630	4.5	3.6	0.44	0.66	0.27	0.08
640	4.5	3.6	0.44	0.66	0.37	0.15
650	4.5	3.6	0.44	0.66	0.31	0.11
660	4.5	2.7	0.44	0.5	0.23	0.06
670	4.5	2.7	0.44	0.5	0.16	0.03
680	4.5	2.7	0.44	0.5	0.12	0.02
690	4.5	2.7	0.44	0.5	0.14	0.02
700	4.5	2.7	0.44	0.5	0.2	0.05
720	4.5	2.7	0.45	0.5	0.37	0.14
730	4.5	2.7	0.44	0.5	0.45	0.21
740	4.5	2.7	0.44	0.5	0.54	0.3
750	4.5	2.7	0.44	0.5	0.63	0.41
760	4.5	2.7	0.44	0.5	0.72	0.53
770	4.5	2.7	0.44	0.5	0.32	0.11
850	3.1	2.6	0.31	0.49	0.28	0.08
860	4.1	3.5	0.3	0.48	0.15	0.03
870	4.1	3.5	0.3	0.48	0.12	0.02
880	4.1	3.5	0.3	0.48	0.15	0.03
890	4.1	3.5	0.3	0.48	0.25	0.07
900	4.5	2.1	0.44	0.39	0.11	0.01
910	4.5	2.1	0.44	0.39	0.11	0.02
